snp	prior	chr	start	end	beta	se	p	a1	a0	af	imputation	info	q_fdr	q_sfdr	rank_fdr	rank_sfdr
rs4510823	1	chr8	100024446	100024447	0.05765997	0.02801887	0.03876258	T	G	NA	NA	NA	0.665100229189189	0.34886322	34	1
rs11927693	0	chr3	100080197	100080198	0.1137604	0.03338921	0.000669017	T	G	NA	NA	NA	0.416128574	0.410107421	1	2
rs72635522	0	chr17	10000082	10000083	-0.1016175	0.03416992	0.003051891	G	A	NA	NA	NA	0.653368025454546	0.643914147272727	2	3
rs9586162	0	chr13	104053816	104053817	0.1368834	0.04715036	0.004133935	T	C	NA	NA	NA	0.653368025454546	0.643914147272727	3	4
rs113044050	0	chr14	104007750	104007751	-0.09336808	0.03488075	0.006973112	C	T	NA	NA	NA	0.653368025454546	0.643914147272727	4	5
rs1330772	0	chr13	104038699	104038700	-0.1565206	0.05931496	0.007749761	G	T	NA	NA	NA	0.653368025454546	0.643914147272727	5	6
rs12502237	0	chr4	100015674	100015675	-0.1288978	0.04853481	0.008328386	G	A	NA	NA	NA	0.653368025454546	0.643914147272727	6	7
rs16956046	0	chr18	10012605	10012606	0.1540832	0.05955679	0.01024847	C	A	NA	NA	NA	0.653368025454546	0.643914147272727	7	8
rs10135868	0	chr14	104004146	104004147	-0.1782044	0.06955354	0.01031633	T	C	NA	NA	NA	0.653368025454546	0.643914147272727	8	9
rs76071825	0	chr17	10006382	10006383	0.09858111	0.03881345	0.0104817	C	T	NA	NA	NA	0.653368025454546	0.643914147272727	9	10
rs6491742	0	chr13	104050585	104050586	0.06463301	0.02547026	0.01051681	G	A	NA	NA	NA	0.653368025454546	0.643914147272727	10	11
rs79846010	0	chr13	104048071	104048072	0.1489775	0.05957924	0.01155474	A	G	NA	NA	NA	0.653368025454546	0.643914147272727	11	12
rs11651342	0	chr17	10006862	10006863	-0.08457479	0.03544817	0.01589561	C	T	NA	NA	NA	0.665100229189189	0.673684275555556	12	13
rs12147596	0	chr14	104006715	104006716	-0.08078419	0.03369838	0.01591614	T	C	NA	NA	NA	0.665100229189189	0.673684275555556	13	14
rs1360348	0	chr13	104040711	104040712	0.05775486	0.02447045	0.01734614	G	A	NA	NA	NA	0.665100229189189	0.673684275555556	14	15
rs7875296	0	chr9	100016350	100016351	0.07897972	0.03410475	0.01956913	A	G	NA	NA	NA	0.665100229189189	0.673684275555556	15	16
rs8087436	0	chr18	10014551	10014552	-0.05971505	0.02490781	0.01964548	A	G	NA	NA	NA	0.665100229189189	0.673684275555556	16	17
rs1875204	0	chr16	10060253	10060254	0.1256604	0.05503366	0.02104339	C	G	NA	NA	NA	0.665100229189189	0.673684275555556	17	18
rs10981371	0	chr9	100017501	100017502	0.08260862	0.03612407	0.02133566	T	C	NA	NA	NA	0.665100229189189	0.673684275555556	18	19
rs60028471	0	chr3	100061250	100061251	0.1249279	0.05492264	0.02295239	A	G	NA	NA	NA	0.665100229189189	0.673684275555556	19	20
rs1442643	0	chr15	100002467	100002468	-0.07164224	0.03189673	0.02374807	C	A	NA	NA	NA	0.665100229189189	0.673684275555556	20	21
rs9788880	0	chr16	10060749	10060750	0.05572455	0.02472631	0.02393384	G	C	NA	NA	NA	0.665100229189189	0.673684275555556	21	22
rs61875335	0	chr10	100045165	100045166	0.1014335	0.0456205	0.02459792	C	G	NA	NA	NA	0.665100229189189	0.673684275555556	22	23
rs10058246	0	chr5	100027258	100027259	-0.06078508	0.02729639	0.02890683	T	G	NA	NA	NA	0.665100229189189	0.673684275555556	23	24
rs72941453	0	chr3	100081692	100081693	0.06677864	0.03080668	0.03028189	G	C	NA	NA	NA	0.665100229189189	0.673684275555556	24	25
rs1856501	0	chr6	100074006	100074007	-0.1202162	0.05605407	0.03157078	A	T	NA	NA	NA	0.665100229189189	0.673684275555556	25	26
rs139848300	0	chr5	100024838	100024839	-0.09404198	0.04410674	0.03214132	C	T	NA	NA	NA	0.665100229189189	0.673684275555556	26	27
rs1002009	0	chr10	100053334	100053335	0.09215473	0.04361794	0.03289247	G	T	NA	NA	NA	0.665100229189189	0.673684275555556	27	28
rs12807749	0	chr11	100086583	100086584	-0.05465226	0.02591653	0.03290374	G	T	NA	NA	NA	0.665100229189189	0.673684275555556	28	29
rs75971642	0	chr16	10069174	10069175	0.0734354	0.03494423	0.03345873	T	C	NA	NA	NA	0.665100229189189	0.673684275555556	29	30
rs12102827	0	chr16	10063592	10063593	0.09013318	0.04296717	0.03386177	A	G	NA	NA	NA	0.665100229189189	0.673684275555556	30	31
rs7579403	0	chr2	100012512	100012513	0.0515131	0.02469146	0.03571837	C	T	NA	NA	NA	0.665100229189189	0.673684275555556	31	32
rs67165842	0	chr1	100015924	100015925	-0.05792019	0.02781713	0.0374671	T	G	NA	NA	NA	0.665100229189189	0.673684275555556	32	33
rs7115798	0	chr11	100081999	100082000	-0.05749927	0.02813367	0.03860082	G	A	NA	NA	NA	0.665100229189189	0.673684275555556	33	34
rs7980447	0	chr12	100080002	100080003	-0.0513781	0.02516664	0.03886005	T	C	NA	NA	NA	0.665100229189189	0.673684275555556	35	35
rs10083668	0	chr15	100004179	100004180	-0.05026528	0.02469381	0.03937463	T	C	NA	NA	NA	0.665100229189189	0.673684275555556	36	36
rs16959319	0	chr17	10005640	10005641	-0.07906045	0.03804143	0.03956384	G	T	NA	NA	NA	0.665100229189189	0.673684275555556	37	37
rs1325500	0	chr10	100029560	100029561	-0.05942748	0.02962144	0.04317905	C	T	NA	NA	NA	0.706772871052632	0.715371828378378	38	38
rs9586147	0	chr13	104024549	104024550	0.05991409	0.0300883	0.04581688	G	A	NA	NA	NA	0.730720496410256	0.739098616842105	39	39
rs76669506	1	chr5	100023383	100023384	-0.0597369	0.04605594	0.1969539	C	T	NA	NA	NA	0.937917255555556	0.75487824	125	40
rs72668483	1	chr8	100024537	100024538	0.0425114	0.03807277	0.2571712	A	G	NA	NA	NA	0.940166899441341	0.75487824	166	41
rs2725115	1	chr5	100023672	100023673	0.02760887	0.02965287	0.3484386	C	T	NA	NA	NA	0.94697416453202	0.75487824	221	42
rs2590414	1	chr5	100023697	100023698	0.02014108	0.02526381	0.4193768	T	C	NA	NA	NA	0.94697416453202	0.75487824	267	43
rs10955194	0	chr8	100013649	100013650	-0.05514369	0.02756035	0.04894067	G	C	NA	NA	NA	0.7610274185	0.769246941282051	40	44
rs10508109	0	chr13	104030691	104030692	-0.07032056	0.03653526	0.05128934	A	G	NA	NA	NA	0.778096816585366	0.7860091355	41	45
rs9783690	0	chr15	100006294	100006295	0.08179192	0.04206134	0.05396157	C	T	NA	NA	NA	0.787613232156863	0.7917412372	42	46
rs72645409	0	chr11	100072354	100072355	0.04526108	0.02352598	0.05498267	C	T	NA	NA	NA	0.787613232156863	0.7917412372	43	47
rs111666217	0	chr13	104053069	104053070	0.1186011	0.06316011	0.05793645	A	G	NA	NA	NA	0.787613232156863	0.7917412372	44	48
rs12932095	0	chr16	10066999	10067000	0.05951513	0.03164914	0.05860946	T	G	NA	NA	NA	0.787613232156863	0.7917412372	45	49
rs9389556	0	chr6	100079773	100079774	-0.06020527	0.03235037	0.05951443	C	G	NA	NA	NA	0.787613232156863	0.7917412372	46	50
rs2165710	0	chr15	100002121	100002122	-0.09562217	0.05197711	0.06282869	T	C	NA	NA	NA	0.787613232156863	0.7917412372	47	51
rs12005128	0	chr9	100015068	100015069	0.07227705	0.03952197	0.0640649	G	A	NA	NA	NA	0.787613232156863	0.7917412372	48	52
rs277646	0	chr3	100073825	100073826	-0.05495632	0.02978651	0.06447843	T	G	NA	NA	NA	0.787613232156863	0.7917412372	49	53
rs41281918	0	chr9	100013096	100013097	0.05004658	0.02742638	0.06453166	T	C	NA	NA	NA	0.787613232156863	0.7917412372	50	54
rs72941452	0	chr3	100080556	100080557	0.05522546	0.03009546	0.06457922	T	C	NA	NA	NA	0.787613232156863	0.7917412372	51	55
rs7956828	0	chr12	100067631	100067632	-0.05938841	0.03291523	0.06776137	G	A	NA	NA	NA	0.803353825818182	0.806391396851852	52	56
rs8003001	0	chr13	104020749	104020750	-0.04838441	0.02682542	0.0694026	T	C	NA	NA	NA	0.803353825818182	0.806391396851852	53	57
rs7998915	0	chr13	104053497	104053498	-0.0466294	0.02601621	0.07017769	T	C	NA	NA	NA	0.803353825818182	0.806391396851852	54	58
rs2182166	0	chr10	100052900	100052901	0.04724352	0.02624022	0.07103611	A	G	NA	NA	NA	0.803353825818182	0.806391396851852	55	59
rs7667261	0	chr4	100011299	100011300	0.04293074	0.02421966	0.07265795	C	G	NA	NA	NA	0.805275901052631	0.807795856071428	56	60
rs4000172	0	chr1	100011242	100011243	0.05600163	0.03142389	0.07379538	G	A	NA	NA	NA	0.805275901052631	0.807795856071428	57	61
rs17094630	0	chr11	100082610	100082611	-0.06152546	0.03510953	0.07643716	T	C	NA	NA	NA	0.811053737288136	0.813099581896552	58	62
rs1416884	0	chr1	100010855	100010856	-0.05710028	0.03250829	0.07693275	G	C	NA	NA	NA	0.811053737288136	0.813099581896552	59	63
rs17404045	0	chr1	100015702	100015703	0.0923903	0.0537823	0.08321587	C	T	NA	NA	NA	0.821149594647887	0.820828980428572	60	64
rs1442642	0	chr15	100002452	100002453	-0.05620959	0.03296867	0.08404516	T	G	NA	NA	NA	0.821149594647887	0.820828980428572	61	65
rs2602836	0	chr4	100014804	100014805	0.04637311	0.02718168	0.08443038	A	G	NA	NA	NA	0.821149594647887	0.820828980428572	62	66
rs9300811	0	chr13	104036310	104036311	0.06485496	0.03814482	0.08547406	T	C	NA	NA	NA	0.821149594647887	0.820828980428572	63	67
rs34633710	0	chr14	104009629	104009630	-0.04632727	0.02695913	0.08718606	A	G	NA	NA	NA	0.821149594647887	0.820828980428572	64	68
rs7319840	0	chr13	104033992	104033993	-0.04574547	0.02719495	0.0882006	A	G	NA	NA	NA	0.821149594647887	0.820828980428572	65	69
rs9324063	0	chr14	104006692	104006693	-0.04960133	0.02961555	0.08972803	G	T	NA	NA	NA	0.821149594647887	0.820828980428572	66	70
rs57703319	0	chr3	100073724	100073725	-0.07678604	0.04540368	0.09096417	C	G	NA	NA	NA	0.821149594647887	0.820828980428572	67	71
rs7023087	0	chr9	100012203	100012204	-0.04179694	0.02460201	0.09165689	A	G	NA	NA	NA	0.821149594647887	0.820828980428572	68	72
rs1875203	0	chr16	10060293	10060294	0.0499502	0.02980609	0.09262216	C	A	NA	NA	NA	0.821149594647887	0.820828980428572	69	73
rs8082741	0	chr18	10013581	10013582	0.06533722	0.03928216	0.09268271	C	T	NA	NA	NA	0.821149594647887	0.820828980428572	70	74
rs658666	0	chr6	100080203	100080204	-0.07809136	0.04710265	0.09373251	C	A	NA	NA	NA	0.821149594647887	0.820828980428572	71	75
rs2305354	0	chr2	100019495	100019496	0.05680942	0.03463463	0.09634901	A	G	NA	NA	NA	0.826538565205479	0.82589260125	72	76
rs549102	0	chr6	100080369	100080370	-0.05770589	0.03499023	0.09700533	G	T	NA	NA	NA	0.826538565205479	0.82589260125	73	77
rs3104703	0	chr16	10065135	10065136	-0.0384645	0.02364643	0.09949106	T	G	NA	NA	NA	0.829326332467533	0.828080728947368	74	78
rs12233126	0	chr2	100012199	100012200	-0.05627417	0.03475319	0.101068	T	A	NA	NA	NA	0.829326332467533	0.828080728947368	75	79
rs9586151	0	chr13	104035404	104035405	0.04556668	0.02816856	0.1018763	C	T	NA	NA	NA	0.829326332467533	0.828080728947368	76	80
rs73327680	0	chr10	100054227	100054228	-0.04979763	0.03092063	0.1026658	C	A	NA	NA	NA	0.829326332467533	0.828080728947368	77	81
rs3105687	0	chr16	10063968	10063969	-0.09726687	0.0607843	0.1046271	A	G	NA	NA	NA	0.834334053846154	0.832940419480519	78	82
rs72772157	0	chr16	10067652	10067653	-0.04624137	0.02900924	0.1060623	A	G	NA	NA	NA	0.835072792405063	0.833540896153846	79	83
rs7868312	0	chr9	100013054	100013055	-0.05263948	0.03309156	0.107688	G	A	NA	NA	NA	0.8372742	0.83560435443038	80	84
rs60714215	0	chr9	100015844	100015845	0.03694488	0.02349647	0.1133417	G	T	NA	NA	NA	0.853012152173913	0.849907659340659	81	85
rs9582695	0	chr13	104036435	104036436	0.03939358	0.02517472	0.1144797	A	G	NA	NA	NA	0.853012152173913	0.849907659340659	82	86
rs2403193	0	chr14	104009938	104009939	0.03694966	0.02383148	0.1159011	C	T	NA	NA	NA	0.853012152173913	0.849907659340659	83	87
rs11109991	0	chr12	100073471	100073472	-0.08511523	0.05475007	0.1168854	T	C	NA	NA	NA	0.853012152173913	0.849907659340659	84	88
rs62066666	0	chr17	10005791	10005792	-0.04570945	0.02964654	0.1182103	G	A	NA	NA	NA	0.853012152173913	0.849907659340659	85	89
rs10875234	0	chr1	100016178	100016179	-0.06976018	0.04432168	0.1184123	C	T	NA	NA	NA	0.853012152173913	0.849907659340659	86	90
rs61875313	0	chr10	100029874	100029875	0.09160806	0.05949013	0.1205069	G	A	NA	NA	NA	0.853012152173913	0.849907659340659	87	91
rs1548356	0	chr17	10005892	10005893	0.03684481	0.02414881	0.122107	C	T	NA	NA	NA	0.853012152173913	0.849907659340659	88	92
rs2174431	0	chr5	100021435	100021436	-0.04556297	0.02954931	0.122323	A	T	NA	NA	NA	0.853012152173913	0.849907659340659	89	93
rs75956359	0	chr1	100017817	100017818	-0.08131588	0.05368853	0.1249616	A	G	NA	NA	NA	0.853012152173913	0.849907659340659	90	94
rs494373	0	chr18	10015382	10015383	-0.03720807	0.02449997	0.1256832	T	G	NA	NA	NA	0.853012152173913	0.849907659340659	91	95
rs3807475	0	chr7	100026291	100026292	-0.03901465	0.02532094	0.126169	G	A	NA	NA	NA	0.853012152173913	0.849907659340659	92	96
rs12601160	0	chr17	10003244	10003245	-0.042783	0.02829389	0.1276196	A	C	NA	NA	NA	0.853541840860215	0.850334943478261	93	97
rs8087971	0	chr18	10014819	10014820	-0.05587378	0.03720859	0.1308351	C	T	NA	NA	NA	0.859850208333333	0.856328736842105	94	98
rs4780744	0	chr16	10062916	10062917	0.0461907	0.03110034	0.132693	C	T	NA	NA	NA	0.859850208333333	0.856328736842105	95	99
rs35974745	0	chr8	100012120	100012121	0.06090747	0.04106543	0.13271	G	C	NA	NA	NA	0.859850208333333	0.856328736842105	96	100
rs11078831	0	chr17	10006426	10006427	-0.03612517	0.02437292	0.1346602	G	A	NA	NA	NA	0.863491179381443	0.859861485416667	97	101
rs9514128	0	chr13	104028102	104028103	-0.0388264	0.02656764	0.1381276	A	G	NA	NA	NA	0.868149921153846	0.863894948543689	98	102
rs73580478	0	chr13	104049430	104049431	0.04102041	0.02813145	0.1395745	G	C	NA	NA	NA	0.868149921153846	0.863894948543689	99	103
rs4989959	0	chr7	100032287	100032288	-0.04968193	0.03412806	0.1399622	T	C	NA	NA	NA	0.868149921153846	0.863894948543689	100	104
rs7350444	0	chr10	100033221	100033222	-0.03397769	0.02346607	0.1426099	C	T	NA	NA	NA	0.868149921153846	0.863894948543689	101	105
rs12784535	0	chr10	100034882	100034883	-0.06282055	0.04277757	0.1434999	C	T	NA	NA	NA	0.868149921153846	0.863894948543689	102	106
rs4919202	0	chr10	100044999	100045000	-0.05072412	0.0351628	0.143827	G	A	NA	NA	NA	0.868149921153846	0.863894948543689	103	107
rs62066664	0	chr17	10004332	10004333	0.06566239	0.04528198	0.1451569	C	G	NA	NA	NA	0.868149921153846	0.863894948543689	104	108
rs2153221	1	chr6	100075379	100075380	0.01040495	0.02645005	0.6912472	G	A	NA	NA	NA	0.956886126226013	0.911663775	445	109
rs57790522	1	chr6	100076407	100076408	0.01123539	0.04036126	0.7756319	C	T	NA	NA	NA	0.965221570693069	0.911663775	499	110
rs12547849	1	chr8	100026274	100026275	0.008359857	0.03460493	0.8103678	T	C	NA	NA	NA	0.971818877011494	0.911663775	518	111
rs1361380	0	chr1	100012222	100012223	0.04107467	0.02966306	0.1608566	C	T	NA	NA	NA	0.937917255555556	0.935900431875	105	112
rs13420293	0	chr2	100027788	100027789	-0.07045363	0.05114148	0.1623915	C	T	NA	NA	NA	0.937917255555556	0.935900431875	106	113
rs2290261	0	chr2	100021183	100021184	-0.0360186	0.02590588	0.1635107	A	G	NA	NA	NA	0.937917255555556	0.935900431875	107	114
rs7868052	0	chr9	100012802	100012803	-0.08256545	0.05996955	0.1635566	G	A	NA	NA	NA	0.937917255555556	0.935900431875	108	115
rs8039304	0	chr15	100002028	100002029	-0.04209424	0.0308438	0.1664613	C	T	NA	NA	NA	0.937917255555556	0.935900431875	109	116
rs151247738	0	chr14	104011288	104011289	-0.03263991	0.02449683	0.1762709	A	G	NA	NA	NA	0.937917255555556	0.935900431875	110	117
rs7783159	0	chr7	100017453	100017454	0.06071726	0.0455449	0.1767449	G	A	NA	NA	NA	0.937917255555556	0.935900431875	111	118
rs61875312	0	chr10	100029201	100029202	-0.0763197	0.05758744	0.1788299	C	A	NA	NA	NA	0.937917255555556	0.935900431875	112	119
rs10955192	0	chr8	100013208	100013209	-0.04320882	0.03262837	0.1791612	G	A	NA	NA	NA	0.937917255555556	0.935900431875	113	120
rs10875235	0	chr1	100017099	100017100	0.03377686	0.02549507	0.1792148	A	G	NA	NA	NA	0.937917255555556	0.935900431875	114	121
rs2242036	0	chr2	100010684	100010685	-0.07062429	0.05317829	0.1822946	A	G	NA	NA	NA	0.937917255555556	0.935900431875	115	122
rs7835049	0	chr8	100036528	100036529	-0.03055825	0.02337348	0.1845991	T	C	NA	NA	NA	0.937917255555556	0.935900431875	116	123
rs76977480	0	chr18	10012363	10012364	-0.03296034	0.02503691	0.1847344	C	T	NA	NA	NA	0.937917255555556	0.935900431875	117	124
rs79320709	0	chr18	10016894	10016895	0.03008153	0.02304999	0.1855313	G	T	NA	NA	NA	0.937917255555556	0.935900431875	118	125
rs2290258	0	chr2	100017073	100017074	0.0884273	0.0677846	0.185617	A	C	NA	NA	NA	0.937917255555556	0.935900431875	119	126
rs7997916	0	chr13	104053501	104053502	-0.03691786	0.02744985	0.1873168	G	C	NA	NA	NA	0.937917255555556	0.935900431875	120	127
rs12924396	0	chr16	10070284	10070285	-0.06377411	0.04934059	0.1896162	G	C	NA	NA	NA	0.937917255555556	0.935900431875	121	128
rs16962167	0	chr13	104046897	104046898	0.03392871	0.02632514	0.1908953	A	G	NA	NA	NA	0.937917255555556	0.935900431875	122	129
rs146723389	0	chr18	10014578	10014579	0.03178173	0.02496536	0.196428	A	G	NA	NA	NA	0.937917255555556	0.935900431875	123	130
rs7926455	0	chr11	100094202	100094203	0.05268141	0.04084239	0.1969356	A	G	NA	NA	NA	0.937917255555556	0.935900431875	124	131
rs36112416	0	chr15	100005307	100005308	0.04224843	0.03335265	0.1984989	A	G	NA	NA	NA	0.937917255555556	0.935900431875	126	132
rs11223194	0	chr11	100074622	100074623	-0.03204192	0.0251499	0.199068	C	T	NA	NA	NA	0.937917255555556	0.935900431875	127	133
rs11599040	0	chr10	100045812	100045813	-0.03137692	0.02485013	0.2006504	G	T	NA	NA	NA	0.937917255555556	0.935900431875	128	134
rs2296484	0	chr14	104003093	104003094	0.03371186	0.02657293	0.2014784	C	T	NA	NA	NA	0.937917255555556	0.935900431875	129	135
rs12891360	0	chr14	104008158	104008159	0.03169966	0.02519347	0.2015613	C	T	NA	NA	NA	0.937917255555556	0.935900431875	130	136
rs11742241	0	chr5	100028236	100028237	-0.03028161	0.02411413	0.2024424	T	C	NA	NA	NA	0.937917255555556	0.935900431875	131	137
rs2403194	0	chr14	104011428	104011429	0.04365865	0.03428273	0.2031758	G	A	NA	NA	NA	0.937917255555556	0.935900431875	132	138
rs2590412	0	chr5	100022100	100022101	0.03173682	0.0251513	0.2037108	C	A	NA	NA	NA	0.937917255555556	0.935900431875	133	139
rs12451372	0	chr17	10001540	10001541	-0.03797081	0.03006288	0.2062598	C	G	NA	NA	NA	0.937917255555556	0.935900431875	134	140
rs1053544	0	chr2	100022269	100022270	-0.03191944	0.02570922	0.2089045	G	A	NA	NA	NA	0.937917255555556	0.935900431875	135	141
rs13253769	0	chr8	100032843	100032844	-0.05120628	0.04124156	0.2089945	A	G	NA	NA	NA	0.937917255555556	0.935900431875	136	142
rs2590419	0	chr5	100025185	100025186	0.04023344	0.03247847	0.2100318	G	A	NA	NA	NA	0.937917255555556	0.935900431875	137	143
rs11123785	0	chr2	100011674	100011675	-0.05441428	0.04404007	0.2129767	C	T	NA	NA	NA	0.937917255555556	0.935900431875	138	144
rs73582551	0	chr13	104051078	104051079	-0.04298177	0.03490699	0.2132161	G	A	NA	NA	NA	0.937917255555556	0.935900431875	139	145
rs113977726	0	chr13	104050784	104050785	0.03398012	0.02775492	0.2142739	G	A	NA	NA	NA	0.937917255555556	0.935900431875	140	146
rs7701876	0	chr5	100015746	100015747	-0.04879591	0.03991627	0.2156986	T	C	NA	NA	NA	0.937917255555556	0.935900431875	141	147
rs7161305	0	chr14	104002233	104002234	-0.07641362	0.06283094	0.2163345	G	A	NA	NA	NA	0.937917255555556	0.935900431875	142	148
rs4965507	0	chr15	100002687	100002688	0.03314021	0.02731083	0.2186593	C	A	NA	NA	NA	0.937917255555556	0.935900431875	143	149
rs2315513	0	chr16	10062706	10062707	-0.03426157	0.02833402	0.2204919	G	A	NA	NA	NA	0.937917255555556	0.935900431875	144	150
rs6711073	0	chr2	100020741	100020742	0.02982316	0.02468674	0.2212616	G	A	NA	NA	NA	0.937917255555556	0.935900431875	145	151
rs11223269	0	chr11	100087314	100087315	0.06272795	0.05216126	0.2243178	A	C	NA	NA	NA	0.937917255555556	0.935900431875	146	152
rs4780751	0	chr16	10067988	10067989	-0.05952734	0.05018791	0.2289886	T	A	NA	NA	NA	0.937917255555556	0.935900431875	147	153
rs13197095	0	chr6	100081369	100081370	-0.07549306	0.06370192	0.2294951	G	A	NA	NA	NA	0.937917255555556	0.935900431875	148	154
rs2902208	0	chr10	100048615	100048616	0.05557392	0.04673712	0.2296898	C	A	NA	NA	NA	0.937917255555556	0.935900431875	149	155
rs78749382	0	chr13	104055888	104055889	-0.03002911	0.02536201	0.2297741	C	A	NA	NA	NA	0.937917255555556	0.935900431875	150	156
rs59558207	0	chr10	100055223	100055224	-0.02973284	0.02517355	0.2309728	A	G	NA	NA	NA	0.937917255555556	0.935900431875	151	157
rs1330762	0	chr13	104054827	104054828	-0.02831937	0.02402599	0.2314513	T	C	NA	NA	NA	0.937917255555556	0.935900431875	152	158
rs17626559	0	chr11	100095846	100095847	0.03214627	0.02734151	0.2330504	G	A	NA	NA	NA	0.937917255555556	0.935900431875	153	159
rs4636630	0	chr11	100085630	100085631	-0.06792223	0.05780883	0.2336302	A	C	NA	NA	NA	0.937917255555556	0.935900431875	154	160
rs10786408	0	chr10	100031393	100031394	0.03602916	0.03089701	0.2365715	T	C	NA	NA	NA	0.937917255555556	0.935900431875	155	161
rs7999248	0	chr13	104053664	104053665	-0.02956593	0.0253819	0.2369389	T	C	NA	NA	NA	0.937917255555556	0.935900431875	156	162
rs1925636	0	chr10	100057706	100057707	0.06862219	0.05782051	0.2390787	C	T	NA	NA	NA	0.937917255555556	0.935900431875	157	163
rs7327916	0	chr13	104052706	104052707	-0.04586544	0.03960714	0.2398294	A	G	NA	NA	NA	0.937917255555556	0.935900431875	158	164
rs972348	0	chr17	10002267	10002268	0.07368811	0.06295563	0.2408645	A	G	NA	NA	NA	0.937917255555556	0.935900431875	159	165
rs2392043	0	chr1	100015372	100015373	0.03693665	0.03187321	0.2422555	T	C	NA	NA	NA	0.937917255555556	0.935900431875	160	166
rs3105688	0	chr16	10064779	10064780	-0.03840902	0.03323759	0.2433649	G	A	NA	NA	NA	0.937917255555556	0.935900431875	161	167
rs80040651	0	chr13	104049790	104049791	-0.03021041	0.02633936	0.2442807	G	A	NA	NA	NA	0.937917255555556	0.935900431875	162	168
rs1311617	0	chr4	100012424	100012425	-0.03080656	0.02655256	0.2459729	T	G	NA	NA	NA	0.938620514110429	0.936530358385093	163	169
rs72772155	0	chr16	10065957	10065958	0.04074506	0.03531679	0.2506947	A	G	NA	NA	NA	0.940166899441341	0.942356889204545	164	170
rs7992369	0	chr13	104053159	104053160	0.04032722	0.03566355	0.2564684	A	C	NA	NA	NA	0.940166899441341	0.942356889204545	165	171
rs2590422	0	chr5	100028149	100028150	0.0260621	0.02315266	0.2576556	T	G	NA	NA	NA	0.940166899441341	0.942356889204545	167	172
rs28660238	0	chr7	100023307	100023308	0.04170071	0.03758225	0.259799	C	T	NA	NA	NA	0.940166899441341	0.942356889204545	168	173
rs594231	0	chr6	100082982	100082983	0.02802708	0.02524779	0.2599272	C	T	NA	NA	NA	0.940166899441341	0.942356889204545	169	174
rs11623470	0	chr14	104004809	104004810	0.02670741	0.02365166	0.2615227	T	A	NA	NA	NA	0.940166899441341	0.942356889204545	170	175
rs6538921	0	chr12	100078779	100078780	-0.03304921	0.02993353	0.262365	C	T	NA	NA	NA	0.940166899441341	0.942356889204545	171	176
rs115553925	0	chr13	104047794	104047795	0.05213438	0.04694563	0.2638058	C	T	NA	NA	NA	0.940166899441341	0.942356889204545	172	177
rs1311615	0	chr4	100012260	100012261	0.04588292	0.04176691	0.2646224	G	A	NA	NA	NA	0.940166899441341	0.942356889204545	173	178
rs60225912	0	chr13	104053794	104053795	-0.03216843	0.02906144	0.2646426	G	C	NA	NA	NA	0.940166899441341	0.942356889204545	174	179
rs12059609	0	chr1	100012793	100012794	0.06880244	0.06265408	0.2648762	A	G	NA	NA	NA	0.940166899441341	0.942356889204545	175	180
rs9953843	0	chr18	10013230	10013231	0.04096117	0.03734843	0.2664414	C	T	NA	NA	NA	0.940166899441341	0.942356889204545	176	181
rs2725114	0	chr5	100024566	100024567	-0.03356246	0.03086554	0.269716	A	G	NA	NA	NA	0.940166899441341	0.942356889204545	177	182
rs3828316	0	chr2	100024818	100024819	0.03987952	0.03667392	0.2703175	G	T	NA	NA	NA	0.940166899441341	0.942356889204545	178	183
rs7863530	0	chr9	100016762	100016763	-0.06331855	0.05840774	0.2705625	C	T	NA	NA	NA	0.940166899441341	0.942356889204545	179	184
rs113128503	0	chr17	10007011	10007012	0.02657981	0.02461301	0.2728456	A	G	NA	NA	NA	0.942833128888889	0.944908773566085	180	185
rs12884303	0	chr14	104012472	104012473	0.02674867	0.02492754	0.2844527	C	T	NA	NA	NA	0.94697416453202	0.944908773566085	181	186
rs56246537	0	chr10	100052205	100052206	0.03010533	0.02871096	0.2889951	A	T	NA	NA	NA	0.94697416453202	0.944908773566085	182	187
rs689120	0	chr6	100082383	100082384	0.03251764	0.03113903	0.2890443	C	G	NA	NA	NA	0.94697416453202	0.944908773566085	183	188
rs45441198	0	chr14	104002610	104002611	-0.03404871	0.03268297	0.2898542	T	C	NA	NA	NA	0.94697416453202	0.944908773566085	184	189
rs2290257	0	chr2	100016712	100016713	0.03839185	0.03609284	0.2908125	G	C	NA	NA	NA	0.94697416453202	0.944908773566085	185	190
rs1325498	0	chr10	100046756	100046757	-0.02713798	0.02622533	0.2939827	T	G	NA	NA	NA	0.94697416453202	0.944908773566085	186	191
rs2186705	0	chr11	100072717	100072718	-0.0268414	0.02595989	0.2946778	T	G	NA	NA	NA	0.94697416453202	0.944908773566085	187	192
rs8045558	0	chr16	10064805	10064806	-0.06808013	0.0652452	0.2964913	G	A	NA	NA	NA	0.94697416453202	0.944908773566085	188	193
rs10050527	0	chr5	100018391	100018392	-0.02686548	0.0259662	0.2967643	T	C	NA	NA	NA	0.94697416453202	0.944908773566085	189	194
rs16962201	0	chr13	104051870	104051871	0.05439975	0.05289847	0.299823	G	T	NA	NA	NA	0.94697416453202	0.944908773566085	190	195
rs10875233	0	chr1	100011666	100011667	0.04240861	0.04123007	0.3012695	T	C	NA	NA	NA	0.94697416453202	0.944908773566085	191	196
rs2590417	0	chr5	100024573	100024574	0.02776932	0.02741384	0.3048979	A	C	NA	NA	NA	0.94697416453202	0.944908773566085	192	197
rs2133876	0	chr12	100075984	100075985	0.03517756	0.03479311	0.3050785	T	C	NA	NA	NA	0.94697416453202	0.944908773566085	193	198
rs1939697	0	chr11	100091692	100091693	0.03547531	0.03498226	0.3052516	T	G	NA	NA	NA	0.94697416453202	0.944908773566085	194	199
rs6656134	0	chr1	100017700	100017701	-0.02667491	0.02632527	0.3054689	A	G	NA	NA	NA	0.94697416453202	0.944908773566085	195	200
rs10748724	0	chr10	100047974	100047975	-0.03091652	0.03065485	0.3059048	A	C	NA	NA	NA	0.94697416453202	0.944908773566085	196	201
rs16962122	0	chr13	104033506	104033507	-0.0420221	0.04176004	0.3066855	G	A	NA	NA	NA	0.94697416453202	0.944908773566085	197	202
rs11630522	0	chr15	100002863	100002864	0.0245312	0.02428995	0.3081055	A	C	NA	NA	NA	0.94697416453202	0.944908773566085	198	203
rs3105689	0	chr16	10067038	10067039	-0.02537296	0.02562302	0.314756	G	C	NA	NA	NA	0.94697416453202	0.944908773566085	199	204
rs76335995	0	chr1	100014489	100014490	-0.0244911	0.02440793	0.3150567	T	G	NA	NA	NA	0.94697416453202	0.944908773566085	200	205
rs6584181	0	chr10	100046242	100046243	0.02379882	0.02412558	0.317146	G	T	NA	NA	NA	0.94697416453202	0.944908773566085	201	206
rs111282223	0	chr8	100022262	100022263	-0.02381845	0.0241851	0.318188	G	C	NA	NA	NA	0.94697416453202	0.944908773566085	202	207
rs74460138	0	chr7	100027338	100027339	0.05579051	0.056806	0.3184849	C	G	NA	NA	NA	0.94697416453202	0.944908773566085	203	208
rs6584183	0	chr10	100056044	100056045	-0.02521931	0.02548129	0.3215392	T	C	NA	NA	NA	0.94697416453202	0.944908773566085	204	209
rs6970828	0	chr7	100021678	100021679	0.02628409	0.02676342	0.3223729	A	G	NA	NA	NA	0.94697416453202	0.944908773566085	205	210
rs11919543	0	chr3	100076862	100076863	0.03865398	0.03969459	0.3224405	C	A	NA	NA	NA	0.94697416453202	0.944908773566085	206	211
rs12866244	0	chr13	104030128	104030129	0.02305801	0.0236738	0.3226213	A	C	NA	NA	NA	0.94697416453202	0.944908773566085	207	212
rs11123786	0	chr2	100011713	100011714	0.02523372	0.02585078	0.3256948	C	G	NA	NA	NA	0.94697416453202	0.944908773566085	208	213
rs7375598	0	chr4	100016032	100016033	0.05312401	0.05505793	0.3270962	A	G	NA	NA	NA	0.94697416453202	0.944908773566085	209	214
rs77730713	0	chr13	104046544	104046545	-0.04013883	0.04190265	0.3301307	A	G	NA	NA	NA	0.94697416453202	0.944908773566085	210	215
rs7006454	0	chr8	100040431	100040432	-0.05278337	0.05511237	0.3304635	A	G	NA	NA	NA	0.94697416453202	0.944908773566085	211	216
rs4507886	0	chr9	100015081	100015082	0.02405456	0.0251675	0.3333662	A	G	NA	NA	NA	0.94697416453202	0.944908773566085	212	217
rs4797394	0	chr18	10011571	10011572	0.02369939	0.0249478	0.3361888	G	T	NA	NA	NA	0.94697416453202	0.944908773566085	213	218
rs687810	0	chr6	100082088	100082089	-0.04217236	0.04386665	0.3365397	G	T	NA	NA	NA	0.94697416453202	0.944908773566085	214	219
rs2392044	0	chr1	100015353	100015354	0.02459978	0.02587344	0.3370618	G	A	NA	NA	NA	0.94697416453202	0.944908773566085	215	220
rs72961032	0	chr1	100015836	100015837	-0.04141067	0.04413109	0.3405959	A	G	NA	NA	NA	0.94697416453202	0.944908773566085	216	221
rs11166270	0	chr1	100015527	100015528	0.02365783	0.02518069	0.3406661	G	A	NA	NA	NA	0.94697416453202	0.944908773566085	217	222
rs28382949	0	chr2	100028111	100028112	0.04086138	0.04370549	0.3423425	C	T	NA	NA	NA	0.94697416453202	0.944908773566085	218	223
rs117031673	0	chr7	100036605	100036606	-0.03322503	0.0356209	0.3431001	C	G	NA	NA	NA	0.94697416453202	0.944908773566085	219	224
rs9519025	0	chr13	104025929	104025930	0.02493689	0.02672854	0.3463419	G	A	NA	NA	NA	0.94697416453202	0.944908773566085	220	225
rs34888134	0	chr16	10069179	10069180	0.0347639	0.03766586	0.3484976	T	A	NA	NA	NA	0.94697416453202	0.944908773566085	222	226
rs2725112	0	chr5	100025651	100025652	-0.02562126	0.02790679	0.3511293	C	T	NA	NA	NA	0.94697416453202	0.944908773566085	223	227
rs3104704	0	chr16	10067951	10067952	-0.02661237	0.02906585	0.3520742	A	G	NA	NA	NA	0.94697416453202	0.944908773566085	224	228
rs10491092	0	chr17	10005192	10005193	0.02442553	0.02661381	0.3556972	G	T	NA	NA	NA	0.94697416453202	0.944908773566085	225	229
rs4919201	0	chr10	100044927	100044928	-0.02349799	0.02589974	0.3589024	A	G	NA	NA	NA	0.94697416453202	0.944908773566085	226	230
rs7560996	0	chr2	100025482	100025483	-0.02436019	0.02699637	0.3594862	G	A	NA	NA	NA	0.94697416453202	0.944908773566085	227	231
rs72776637	0	chr5	100012285	100012286	-0.03832866	0.04267675	0.3614694	C	T	NA	NA	NA	0.94697416453202	0.944908773566085	228	232
rs73000869	0	chr11	100078776	100078777	0.02143384	0.02362458	0.3618051	C	T	NA	NA	NA	0.94697416453202	0.944908773566085	229	233
rs57497843	0	chr16	10066410	10066411	0.02299876	0.02544215	0.3624499	G	C	NA	NA	NA	0.94697416453202	0.944908773566085	230	234
rs10736128	0	chr10	100050786	100050787	0.02222024	0.02477931	0.3632371	T	C	NA	NA	NA	0.94697416453202	0.944908773566085	231	235
rs618909	0	chr18	10016416	10016417	0.02428627	0.02719588	0.3645124	C	A	NA	NA	NA	0.94697416453202	0.944908773566085	232	236
rs1312200	0	chr4	100012356	100012357	0.0230645	0.02589667	0.3696206	A	G	NA	NA	NA	0.94697416453202	0.944908773566085	233	237
rs7007494	0	chr8	100033600	100033601	-0.03783553	0.04240462	0.3697199	G	A	NA	NA	NA	0.94697416453202	0.944908773566085	234	238
rs57760329	0	chr1	100011882	100011883	0.02243846	0.02562855	0.3736958	A	T	NA	NA	NA	0.94697416453202	0.944908773566085	235	239
rs672369	0	chr6	100080943	100080944	0.04087443	0.04674326	0.3743225	C	A	NA	NA	NA	0.94697416453202	0.944908773566085	236	240
rs7917347	0	chr10	100057460	100057461	0.02476898	0.02833476	0.3744943	A	G	NA	NA	NA	0.94697416453202	0.944908773566085	237	241
rs117486998	0	chr12	100073230	100073231	0.02170987	0.02477711	0.3770804	A	G	NA	NA	NA	0.94697416453202	0.944908773566085	238	242
rs10955195	0	chr8	100017606	100017607	0.04721565	0.05442928	0.3782446	C	T	NA	NA	NA	0.94697416453202	0.944908773566085	239	243
rs17120646	0	chr1	100013278	100013279	0.0563359	0.06445122	0.3784538	C	T	NA	NA	NA	0.94697416453202	0.944908773566085	240	244
rs12885878	0	chr14	104007554	104007555	-0.03086574	0.03596232	0.3838473	A	G	NA	NA	NA	0.94697416453202	0.944908773566085	241	245
rs9586155	0	chr13	104043974	104043975	0.04827482	0.05601704	0.3850002	T	C	NA	NA	NA	0.94697416453202	0.944908773566085	242	246
rs111232242	0	chr4	100015264	100015265	0.05412675	0.06120956	0.3850309	T	G	NA	NA	NA	0.94697416453202	0.944908773566085	243	247
rs12419072	0	chr11	100077002	100077003	0.020257	0.02373062	0.3856872	A	G	NA	NA	NA	0.94697416453202	0.944908773566085	244	248
rs9582696	0	chr13	104055429	104055430	0.02910776	0.03381885	0.3857047	C	G	NA	NA	NA	0.94697416453202	0.944908773566085	245	249
rs277649	0	chr3	100067467	100067468	0.02659177	0.03132573	0.3884611	C	T	NA	NA	NA	0.94697416453202	0.944908773566085	246	250
rs34788463	0	chr8	100028002	100028003	0.02562163	0.03027598	0.3893421	T	C	NA	NA	NA	0.94697416453202	0.944908773566085	247	251
rs277647	0	chr3	100074758	100074759	0.02212408	0.02612867	0.3904854	G	C	NA	NA	NA	0.94697416453202	0.944908773566085	248	252
rs28382977	0	chr2	100018303	100018304	-0.02930731	0.03471618	0.3911724	G	A	NA	NA	NA	0.94697416453202	0.944908773566085	249	253
rs11763414	0	chr7	100016843	100016844	0.02031867	0.02383899	0.3918869	C	G	NA	NA	NA	0.94697416453202	0.944908773566085	250	254
rs7375649	0	chr4	100016145	100016146	0.0227398	0.02702589	0.3941503	G	A	NA	NA	NA	0.94697416453202	0.944908773566085	251	255
rs28490152	0	chr7	100020981	100020982	-0.02003273	0.02371985	0.3941842	G	A	NA	NA	NA	0.94697416453202	0.944908773566085	252	256
rs4780746	0	chr16	10063085	10063086	-0.02210439	0.02611393	0.3963757	C	T	NA	NA	NA	0.94697416453202	0.944908773566085	253	257
rs3749087	0	chr2	100026939	100026940	-0.02964923	0.03519435	0.3974083	A	G	NA	NA	NA	0.94697416453202	0.944908773566085	254	258
rs4998386	0	chr16	10070544	10070545	0.03164269	0.03796718	0.3994399	C	T	NA	NA	NA	0.94697416453202	0.944908773566085	255	259
rs12474305	0	chr2	100014393	100014394	-0.02361145	0.02846279	0.4013138	G	T	NA	NA	NA	0.94697416453202	0.944908773566085	256	260
rs1214377	0	chr3	100076515	100076516	0.0204167	0.02460173	0.4018593	C	T	NA	NA	NA	0.94697416453202	0.944908773566085	257	261
rs77178085	0	chr13	104051316	104051317	0.05600412	0.06586602	0.4019379	G	A	NA	NA	NA	0.94697416453202	0.944908773566085	258	262
rs74385136	0	chr1	100012383	100012384	0.02173272	0.02594923	0.4099985	G	C	NA	NA	NA	0.94697416453202	0.944908773566085	259	263
rs114527755	0	chr13	104052336	104052337	0.02452695	0.03024007	0.410695	C	T	NA	NA	NA	0.94697416453202	0.944908773566085	260	264
rs73000880	0	chr11	100088190	100088191	0.02358068	0.028103	0.4143382	C	T	NA	NA	NA	0.94697416453202	0.944908773566085	261	265
rs1875205	0	chr16	10060107	10060108	0.02379433	0.02962352	0.4144547	C	A	NA	NA	NA	0.94697416453202	0.944908773566085	262	266
rs7997584	0	chr13	104053456	104053457	-0.0238411	0.02954154	0.4150679	C	A	NA	NA	NA	0.94697416453202	0.944908773566085	263	267
rs61908154	0	chr11	100085380	100085381	0.03553329	0.0441107	0.4161682	C	T	NA	NA	NA	0.94697416453202	0.944908773566085	264	268
rs79370403	0	chr16	10069305	10069306	0.0209604	0.02610364	0.417294	T	C	NA	NA	NA	0.94697416453202	0.944908773566085	265	269
rs17216887	0	chr4	100010272	100010273	0.01941238	0.02437171	0.4183669	C	G	NA	NA	NA	0.94697416453202	0.944908773566085	266	270
rs578912	0	chr18	10015879	10015880	0.02656802	0.03334095	0.4194672	A	G	NA	NA	NA	0.94697416453202	0.944908773566085	268	271
rs10955193	0	chr8	100013561	100013562	-0.0364947	0.04507095	0.4219686	C	T	NA	NA	NA	0.94697416453202	0.944908773566085	269	272
rs2590411	0	chr5	100020459	100020460	-0.03579268	0.04544485	0.4239597	A	G	NA	NA	NA	0.94697416453202	0.944908773566085	270	273
rs12928694	0	chr16	10067542	10067543	-0.02334997	0.02953531	0.4240812	C	A	NA	NA	NA	0.94697416453202	0.944908773566085	271	274
rs9586160	0	chr13	104053683	104053684	0.04689261	0.05717839	0.42462	A	G	NA	NA	NA	0.94697416453202	0.944908773566085	272	275
rs17759759	0	chr17	10003800	10003801	0.02163149	0.0273666	0.4260596	G	A	NA	NA	NA	0.94697416453202	0.944908773566085	273	276
rs6468647	0	chr8	100031717	100031718	-0.02156533	0.02766511	0.4276129	G	A	NA	NA	NA	0.94697416453202	0.944908773566085	274	277
rs1325499	0	chr10	100046678	100046679	-0.0184304	0.02361329	0.4283399	A	G	NA	NA	NA	0.94697416453202	0.944908773566085	275	278
rs10883059	0	chr10	100047500	100047501	-0.02139189	0.02749168	0.4304093	C	T	NA	NA	NA	0.94697416453202	0.944908773566085	276	279
rs11599085	0	chr10	100046034	100046035	-0.02000305	0.02583582	0.4312289	G	C	NA	NA	NA	0.94697416453202	0.944908773566085	277	280
rs117309654	0	chr13	104042669	104042670	-0.02043851	0.02675582	0.4372855	A	G	NA	NA	NA	0.94697416453202	0.944908773566085	278	281
rs56971078	0	chr12	100068183	100068184	-0.03331616	0.04247256	0.4392432	T	C	NA	NA	NA	0.94697416453202	0.944908773566085	279	282
rs16842142	0	chr3	100065576	100065577	0.01801319	0.02355815	0.4402834	C	G	NA	NA	NA	0.94697416453202	0.944908773566085	280	283
rs8013911	0	chr14	104004222	104004223	-0.01868693	0.02453287	0.4410114	C	G	NA	NA	NA	0.94697416453202	0.944908773566085	281	284
rs13289134	0	chr9	100014906	100014907	0.03076432	0.04040252	0.4410373	C	T	NA	NA	NA	0.94697416453202	0.944908773566085	282	285
rs76835333	0	chr1	100015727	100015728	-0.01828663	0.02425397	0.4434666	G	A	NA	NA	NA	0.94697416453202	0.944908773566085	283	286
rs4630260	0	chr11	100080141	100080142	-0.02120345	0.02821349	0.4449689	A	T	NA	NA	NA	0.94697416453202	0.944908773566085	284	287
rs4412852	0	chr13	104027025	104027026	-0.02475949	0.03293945	0.4483419	A	G	NA	NA	NA	0.94697416453202	0.944908773566085	285	288
rs7854904	0	chr9	100012855	100012856	0.02079891	0.02792546	0.4497145	A	T	NA	NA	NA	0.94697416453202	0.944908773566085	286	289
rs1416882	0	chr1	100011252	100011253	-0.02075183	0.02822593	0.4547728	G	A	NA	NA	NA	0.94697416453202	0.944908773566085	287	290
rs10220270	0	chr13	104049656	104049657	-0.02072648	0.02815053	0.4551556	G	A	NA	NA	NA	0.94697416453202	0.944908773566085	288	291
rs4965242	0	chr15	100001222	100001223	0.02876238	0.03844809	0.4557908	A	G	NA	NA	NA	0.94697416453202	0.944908773566085	289	292
rs10132514	0	chr14	104012188	104012189	-0.04235897	0.05781377	0.4568075	C	T	NA	NA	NA	0.94697416453202	0.944908773566085	290	293
rs10220061	0	chr13	104047060	104047061	-0.03862779	0.05282763	0.4576265	A	G	NA	NA	NA	0.94697416453202	0.944908773566085	291	294
rs573265	0	chr6	100082911	100082912	-0.04111637	0.05640866	0.4586072	G	A	NA	NA	NA	0.94697416453202	0.944908773566085	292	295
rs34361031	0	chr16	10061710	10061711	-0.02631733	0.03639059	0.4622301	A	G	NA	NA	NA	0.94697416453202	0.944908773566085	293	296
rs10220266	0	chr13	104049585	104049586	0.03312305	0.04565078	0.4638137	G	C	NA	NA	NA	0.94697416453202	0.944908773566085	294	297
rs16962124	0	chr13	104033624	104033625	-0.01886856	0.02618917	0.4643128	A	G	NA	NA	NA	0.94697416453202	0.944908773566085	295	298
rs4965244	0	chr15	100006042	100006043	-0.01928051	0.02685886	0.4660445	G	A	NA	NA	NA	0.94697416453202	0.944908773566085	296	299
rs6822830	0	chr4	100016759	100016760	-0.01865693	0.02604029	0.4671275	A	G	NA	NA	NA	0.94697416453202	0.944908773566085	297	300
rs2590420	0	chr5	100026968	100026969	-0.01983383	0.02793163	0.4712907	A	C	NA	NA	NA	0.94697416453202	0.944908773566085	298	301
rs58335603	0	chr10	100052427	100052428	0.04037144	0.05694067	0.4717547	G	A	NA	NA	NA	0.94697416453202	0.944908773566085	299	302
rs79022676	0	chr17	10002734	10002735	0.02294533	0.03291841	0.47989	G	A	NA	NA	NA	0.94697416453202	0.944908773566085	300	303
rs4734420	0	chr8	100016504	100016505	-0.0295298	0.04256217	0.4808385	T	C	NA	NA	NA	0.94697416453202	0.944908773566085	301	304
rs17094617	0	chr11	100077447	100077448	0.02133373	0.03077788	0.4810421	C	T	NA	NA	NA	0.94697416453202	0.944908773566085	302	305
rs1360339	0	chr13	104051288	104051289	-0.02079306	0.02975059	0.4814874	T	C	NA	NA	NA	0.94697416453202	0.944908773566085	303	306
rs1939694	0	chr11	100079722	100079723	-0.02470346	0.03573612	0.4816344	G	A	NA	NA	NA	0.94697416453202	0.944908773566085	304	307
rs11109986	0	chr12	100063309	100063310	-0.01920044	0.02802568	0.4853817	T	C	NA	NA	NA	0.94697416453202	0.944908773566085	305	308
rs7702043	0	chr5	100015846	100015847	0.04325787	0.06309733	0.4871983	T	C	NA	NA	NA	0.94697416453202	0.944908773566085	306	309
rs1311619	0	chr4	100012998	100012999	0.03085797	0.04469216	0.4875168	T	C	NA	NA	NA	0.94697416453202	0.944908773566085	307	310
rs734844	0	chr17	10004781	10004782	0.02035757	0.02983876	0.4877441	G	A	NA	NA	NA	0.94697416453202	0.944908773566085	308	311
rs6970806	0	chr7	100021617	100021618	0.03038222	0.0445559	0.4890893	A	C	NA	NA	NA	0.94697416453202	0.944908773566085	309	312
rs6491740	0	chr13	104029329	104029330	0.02109868	0.03120213	0.4952537	T	C	NA	NA	NA	0.94697416453202	0.944908773566085	310	313
rs57155242	0	chr3	100063528	100063529	0.02686327	0.04029599	0.4978764	G	A	NA	NA	NA	0.94697416453202	0.944908773566085	311	314
rs10161826	0	chr13	104050852	104050853	-0.01902732	0.02823863	0.4980424	G	A	NA	NA	NA	0.94697416453202	0.944908773566085	312	315
rs7030763	0	chr9	100015676	100015677	-0.03598632	0.05379697	0.4983448	G	A	NA	NA	NA	0.94697416453202	0.944908773566085	313	316
rs9961169	0	chr18	10015965	10015966	0.01657229	0.02432912	0.4990742	G	T	NA	NA	NA	0.94697416453202	0.944908773566085	314	317
rs717454	0	chr2	100022771	100022772	0.02405328	0.03474511	0.5008884	T	C	NA	NA	NA	0.94697416453202	0.944908773566085	315	318
rs28745279	0	chr2	100018270	100018271	-0.02037818	0.03070311	0.5030889	G	A	NA	NA	NA	0.94697416453202	0.944908773566085	316	319
rs1500659	0	chr12	100066531	100066532	0.01731891	0.02629723	0.503134	G	T	NA	NA	NA	0.94697416453202	0.944908773566085	317	320
rs4782113	0	chr16	10062926	10062927	0.01506213	0.02296365	0.5068218	G	C	NA	NA	NA	0.94697416453202	0.944908773566085	318	321
rs4468315	0	chr11	100077041	100077042	-0.03021277	0.04631873	0.5069185	A	G	NA	NA	NA	0.94697416453202	0.944908773566085	319	322
rs12793321	0	chr11	100096344	100096345	-0.02945118	0.04524883	0.5084935	A	T	NA	NA	NA	0.94697416453202	0.944908773566085	320	323
rs2315512	0	chr16	10062557	10062558	0.04068155	0.06264771	0.5091712	G	A	NA	NA	NA	0.94697416453202	0.944908773566085	321	324
rs114190542	0	chr1	100013723	100013724	0.03032184	0.04673426	0.5099768	G	A	NA	NA	NA	0.94697416453202	0.944908773566085	322	325
rs12506256	0	chr4	100015698	100015699	-0.01719346	0.02590596	0.510397	T	C	NA	NA	NA	0.94697416453202	0.944908773566085	323	326
rs4290349	0	chr13	104026849	104026850	-0.02382021	0.03692036	0.5116598	G	T	NA	NA	NA	0.94697416453202	0.944908773566085	324	327
rs6927488	0	chr6	100081440	100081441	-0.01787653	0.02722716	0.5117707	G	A	NA	NA	NA	0.94697416453202	0.944908773566085	325	328
rs13394927	0	chr2	100022616	100022617	0.01504634	0.02327457	0.5139587	G	A	NA	NA	NA	0.94697416453202	0.944908773566085	326	329
rs117854552	0	chr18	10013290	10013291	0.01610711	0.02520465	0.5171599	A	G	NA	NA	NA	0.94697416453202	0.944908773566085	327	330
rs2650432	0	chr16	10069080	10069081	0.01567301	0.02459527	0.5178862	G	A	NA	NA	NA	0.94697416453202	0.944908773566085	328	331
rs4273038	0	chr16	10060584	10060585	-0.02829202	0.04464161	0.5195747	C	T	NA	NA	NA	0.94697416453202	0.944908773566085	329	332
rs145519216	0	chr13	104026646	104026647	0.0383936	0.06147079	0.5245812	G	A	NA	NA	NA	0.94697416453202	0.944908773566085	330	333
rs378535	0	chr3	100076687	100076688	0.03524008	0.05637173	0.525987	C	G	NA	NA	NA	0.94697416453202	0.944908773566085	331	334
rs35609655	0	chr1	100011591	100011592	-0.02814013	0.04537923	0.5283346	C	T	NA	NA	NA	0.94697416453202	0.944908773566085	332	335
rs78781856	0	chr1	100016866	100016867	-0.02136352	0.03463813	0.5321792	C	T	NA	NA	NA	0.94697416453202	0.944908773566085	333	336
rs1576582	0	chr13	104034626	104034627	-0.01659213	0.02711153	0.5338337	T	C	NA	NA	NA	0.94697416453202	0.944908773566085	334	337
rs857614	0	chr6	100074900	100074901	0.01798657	0.0286054	0.5351037	T	C	NA	NA	NA	0.94697416453202	0.944908773566085	335	338
rs62323587	0	chr4	100015482	100015483	0.02530442	0.04112559	0.5359232	G	A	NA	NA	NA	0.94697416453202	0.944908773566085	336	339
rs35981400	0	chr18	10015304	10015305	-0.01545883	0.02549766	0.5375196	G	A	NA	NA	NA	0.94697416453202	0.944908773566085	337	340
rs8014069	0	chr14	104004310	104004311	0.02433368	0.04022325	0.5377012	C	A	NA	NA	NA	0.94697416453202	0.944908773566085	338	341
rs34573733	0	chr12	100064912	100064913	-0.01932207	0.03216164	0.5415035	T	C	NA	NA	NA	0.94697416453202	0.944908773566085	339	342
rs7038353	0	chr9	100012455	100012456	0.01461854	0.0245184	0.544444	C	A	NA	NA	NA	0.94697416453202	0.944908773566085	340	343
rs149725545	0	chr5	100024873	100024874	0.01403417	0.02357087	0.5448625	C	T	NA	NA	NA	0.94697416453202	0.944908773566085	341	344
rs4780745	0	chr16	10062923	10062924	-0.022755	0.03823905	0.5449212	T	C	NA	NA	NA	0.94697416453202	0.944908773566085	342	345
rs111426692	0	chr13	104053068	104053069	0.03589585	0.0603344	0.5458367	C	T	NA	NA	NA	0.94697416453202	0.944908773566085	343	346
rs7997390	0	chr13	104053367	104053368	0.03493531	0.05888988	0.5462571	C	T	NA	NA	NA	0.94697416453202	0.944908773566085	344	347
rs115410119	0	chr1	100012890	100012891	-0.03383929	0.05628034	0.5474779	G	A	NA	NA	NA	0.94697416453202	0.944908773566085	345	348
rs4919197	0	chr10	100043146	100043147	-0.01729667	0.02931524	0.549098	C	T	NA	NA	NA	0.94697416453202	0.944908773566085	346	349
rs7088157	0	chr10	100038963	100038964	0.01975101	0.03300669	0.5491339	A	G	NA	NA	NA	0.94697416453202	0.944908773566085	347	350
rs67196635	0	chr7	100025563	100025564	0.01480216	0.02510867	0.5533711	T	C	NA	NA	NA	0.94697416453202	0.944908773566085	348	351
rs395399	0	chr3	100064004	100064005	0.01442832	0.02481768	0.5546926	T	G	NA	NA	NA	0.94697416453202	0.944908773566085	349	352
rs10162674	0	chr15	100001395	100001396	-0.02468201	0.04253449	0.5560564	T	C	NA	NA	NA	0.94697416453202	0.944908773566085	350	353
rs2725113	0	chr5	100024881	100024882	-0.02139681	0.03671817	0.5563716	C	G	NA	NA	NA	0.94697416453202	0.944908773566085	351	354
rs111265471	0	chr7	100037689	100037690	0.01920542	0.03323177	0.5572493	T	C	NA	NA	NA	0.94697416453202	0.944908773566085	352	355
rs113495829	0	chr4	100015176	100015177	-0.03030407	0.05266987	0.5591426	A	G	NA	NA	NA	0.94697416453202	0.944908773566085	353	356
rs17022653	0	chr2	100028288	100028289	-0.02628672	0.04590281	0.5602538	A	G	NA	NA	NA	0.94697416453202	0.944908773566085	354	357
rs857615	0	chr6	100074907	100074908	0.0145421	0.02549883	0.5625248	C	T	NA	NA	NA	0.94697416453202	0.944908773566085	355	358
rs13287082	0	chr9	100011239	100011240	0.01739387	0.03065171	0.5633305	C	T	NA	NA	NA	0.94697416453202	0.944908773566085	356	359
rs9308819	0	chr2	100016848	100016849	-0.01581511	0.02789065	0.5637533	G	A	NA	NA	NA	0.94697416453202	0.944908773566085	357	360
rs34836224	0	chr8	100020102	100020103	-0.01425425	0.02530922	0.5659458	C	T	NA	NA	NA	0.94697416453202	0.944908773566085	358	361
rs9586167	0	chr13	104055374	104055375	0.01352714	0.02417219	0.569132	T	C	NA	NA	NA	0.94697416453202	0.944908773566085	359	362
rs2182167	0	chr10	100045146	100045147	-0.01348115	0.02412273	0.569931	G	A	NA	NA	NA	0.94697416453202	0.944908773566085	360	363
rs75885358	0	chr16	10068816	10068817	0.01442181	0.02596386	0.5719318	G	C	NA	NA	NA	0.94697416453202	0.944908773566085	361	364
rs28678867	0	chr15	100001715	100001716	0.01814337	0.03268958	0.5719693	A	G	NA	NA	NA	0.94697416453202	0.944908773566085	362	365
rs2289506	0	chr3	100064901	100064902	-0.01562802	0.02769785	0.5723033	C	T	NA	NA	NA	0.94697416453202	0.944908773566085	363	366
rs2296486	0	chr14	104003069	104003070	0.01889317	0.0339792	0.5725967	A	G	NA	NA	NA	0.94697416453202	0.944908773566085	364	367
rs77802054	0	chr4	100015545	100015546	0.01515239	0.02730258	0.5726996	C	G	NA	NA	NA	0.94697416453202	0.944908773566085	365	368
rs188421332	0	chr10	100048620	100048621	-0.01773161	0.03183279	0.5747438	G	A	NA	NA	NA	0.94697416453202	0.944908773566085	366	369
rs75231923	0	chr13	104055251	104055252	0.02029314	0.03709464	0.5785593	G	T	NA	NA	NA	0.94697416453202	0.944908773566085	367	370
rs62274141	0	chr3	100060778	100060779	-0.01670614	0.03073854	0.580135	C	T	NA	NA	NA	0.94697416453202	0.944908773566085	368	371
rs2590413	0	chr5	100022277	100022278	0.03792841	0.0700674	0.5826194	T	C	NA	NA	NA	0.94697416453202	0.944908773566085	369	372
rs7240352	0	chr18	10012758	10012759	-0.0156776	0.02882415	0.5834094	C	T	NA	NA	NA	0.94697416453202	0.944908773566085	370	373
rs72941454	0	chr3	100081810	100081811	0.0130512	0.02386035	0.5840542	G	A	NA	NA	NA	0.94697416453202	0.944908773566085	371	374
rs11919627	0	chr3	100062250	100062251	0.01508904	0.02821732	0.5845855	T	A	NA	NA	NA	0.94697416453202	0.944908773566085	372	375
rs11223277	0	chr11	100088909	100088910	-0.02054987	0.03813548	0.5848766	A	G	NA	NA	NA	0.94697416453202	0.944908773566085	373	376
rs2590421	0	chr5	100027242	100027243	0.01617087	0.03015559	0.5851766	G	A	NA	NA	NA	0.94697416453202	0.944908773566085	374	377
rs73143660	0	chr12	100065186	100065187	-0.01290104	0.02426867	0.5880751	G	T	NA	NA	NA	0.94697416453202	0.944908773566085	375	378
rs34198916	0	chr13	104037463	104037464	-0.02845831	0.05284138	0.5882898	G	A	NA	NA	NA	0.94697416453202	0.944908773566085	376	379
rs6975729	0	chr7	100028186	100028187	0.01449331	0.02640288	0.588359	C	T	NA	NA	NA	0.94697416453202	0.944908773566085	377	380
rs878259	0	chr10	100032288	100032289	-0.02145672	0.04026396	0.5890076	G	A	NA	NA	NA	0.94697416453202	0.944908773566085	378	381
rs10132436	0	chr14	104012193	104012194	0.0125604	0.0232102	0.5896867	A	C	NA	NA	NA	0.94697416453202	0.944908773566085	379	382
rs78791374	0	chr8	100037042	100037043	-0.01696384	0.03154447	0.5926656	C	A	NA	NA	NA	0.94697416453202	0.944908773566085	380	383
rs66632384	0	chr7	100018903	100018904	-0.01292106	0.02452262	0.593422	G	A	NA	NA	NA	0.94697416453202	0.944908773566085	381	384
rs10883056	0	chr10	100031572	100031573	0.02072518	0.03915721	0.5939291	C	G	NA	NA	NA	0.94697416453202	0.944908773566085	382	385
rs12859224	0	chr13	104030410	104030411	-0.01336934	0.02541583	0.5941838	T	A	NA	NA	NA	0.94697416453202	0.944908773566085	383	386
rs28402995	0	chr16	10065332	10065333	-0.02444545	0.04672808	0.5947395	C	G	NA	NA	NA	0.94697416453202	0.944908773566085	384	387
rs4919205	0	chr10	100049437	100049438	-0.02047257	0.03959361	0.6004271	G	A	NA	NA	NA	0.94697416453202	0.944908773566085	385	388
rs61875338	0	chr10	100054376	100054377	-0.02873595	0.05513638	0.6013526	A	G	NA	NA	NA	0.94697416453202	0.944908773566085	386	389
rs10083652	0	chr15	100004342	100004343	-0.01297094	0.02528778	0.603189	G	A	NA	NA	NA	0.94697416453202	0.944908773566085	387	390
rs61996704	0	chr14	104011993	104011994	-0.01623975	0.03177968	0.6032738	G	A	NA	NA	NA	0.94697416453202	0.944908773566085	388	391
rs7325161	0	chr13	104025910	104025911	0.01581025	0.03102284	0.6041113	C	T	NA	NA	NA	0.94697416453202	0.944908773566085	389	392
rs4919206	0	chr10	100049478	100049479	-0.01640072	0.03214961	0.6048726	C	G	NA	NA	NA	0.94697416453202	0.944908773566085	390	393
rs7907011	0	chr10	100034295	100034296	-0.01230644	0.02419189	0.6051797	T	C	NA	NA	NA	0.94697416453202	0.944908773566085	391	394
rs6595380	0	chr5	100019387	100019388	-0.01590307	0.03142053	0.6065776	G	A	NA	NA	NA	0.94697416453202	0.944908773566085	392	395
rs16966757	0	chr16	10063338	10063339	0.01325301	0.02609934	0.6070205	A	G	NA	NA	NA	0.94697416453202	0.944908773566085	393	396
rs752268	0	chr14	104011493	104011494	0.01828976	0.03633249	0.6094203	C	T	NA	NA	NA	0.94697416453202	0.944908773566085	394	397
rs76001576	0	chr13	104027235	104027236	0.02399063	0.04780152	0.6099223	G	A	NA	NA	NA	0.94697416453202	0.944908773566085	395	398
rs73000873	0	chr11	100085075	100085076	0.03730479	0.07472743	0.6102563	T	C	NA	NA	NA	0.94697416453202	0.944908773566085	396	399
rs10161558	0	chr13	104050256	104050257	-0.01358492	0.02721099	0.6110154	C	T	NA	NA	NA	0.94697416453202	0.944908773566085	397	400
rs10515269	0	chr5	100025697	100025698	0.01736018	0.03443872	0.6128694	C	G	NA	NA	NA	0.94697416453202	0.944908773566085	398	401
rs2183495	0	chr13	104021320	104021321	0.01328003	0.02611851	0.6132384	T	C	NA	NA	NA	0.94697416453202	0.944908773566085	399	402
rs1311616	0	chr4	100012302	100012303	0.01200294	0.02423967	0.6140005	T	G	NA	NA	NA	0.94697416453202	0.944908773566085	400	403
rs56317893	0	chr13	104043030	104043031	0.01264719	0.02540632	0.6143511	G	C	NA	NA	NA	0.94697416453202	0.944908773566085	401	404
rs5004533	0	chr13	104031971	104031972	-0.01539574	0.03123639	0.6152601	T	A	NA	NA	NA	0.94697416453202	0.944908773566085	402	405
rs12938892	0	chr17	10007091	10007092	0.02051658	0.04152745	0.6164615	A	G	NA	NA	NA	0.94697416453202	0.944908773566085	403	406
rs277648	0	chr3	100065825	100065826	0.03606359	0.07332127	0.6166009	C	G	NA	NA	NA	0.94697416453202	0.944908773566085	404	407
rs141919423	0	chr9	100013611	100013612	0.01865637	0.0379117	0.6175281	G	A	NA	NA	NA	0.94697416453202	0.944908773566085	405	408
rs6989751	0	chr8	100037163	100037164	0.01399954	0.0284736	0.6181214	A	G	NA	NA	NA	0.94697416453202	0.944908773566085	406	409
rs76091664	0	chr15	100003513	100003514	0.01151387	0.02359331	0.6200252	C	T	NA	NA	NA	0.94755693955774	0.945461312437811	407	410
rs7905091	0	chr10	100046077	100046078	0.01978616	0.04071576	0.6243857	T	G	NA	NA	NA	0.948352405811138	0.946084067156863	408	411
rs9873033	0	chr3	100072331	100072332	0.02501748	0.05174759	0.6261735	G	A	NA	NA	NA	0.948352405811138	0.946084067156863	409	412
rs4919204	0	chr10	100049422	100049423	0.0219164	0.04347851	0.6272942	T	C	NA	NA	NA	0.948352405811138	0.946084067156863	410	413
rs9944814	0	chr18	10010832	10010833	-0.01156993	0.02421954	0.6274583	G	A	NA	NA	NA	0.948352405811138	0.946084067156863	411	414
rs75101053	0	chr9	100014585	100014586	0.01596492	0.03349957	0.6288846	T	A	NA	NA	NA	0.948352405811138	0.946084067156863	412	415
rs2851286	0	chr4	100014975	100014976	0.01170221	0.02470614	0.6296938	G	A	NA	NA	NA	0.948352405811138	0.946084067156863	413	416
rs6478038	0	chr9	100013350	100013351	-0.01134013	0.02420835	0.6334048	C	A	NA	NA	NA	0.948798949160672	0.946418288106796	414	417
rs11189538	0	chr10	100052425	100052426	-0.01265411	0.02714137	0.6350535	G	A	NA	NA	NA	0.948798949160672	0.946418288106796	415	418
rs117618193	0	chr13	104050482	104050483	-0.01103852	0.02367703	0.6357694	C	A	NA	NA	NA	0.948798949160672	0.946418288106796	416	419
rs78694225	0	chr13	104049554	104049555	-0.01136508	0.02445007	0.6360919	G	A	NA	NA	NA	0.948798949160672	0.946418288106796	417	420
rs13082297	0	chr3	100071069	100071070	0.01262479	0.02694681	0.6419293	G	C	NA	NA	NA	0.955215369856459	0.952730342388759	418	421
rs11621037	0	chr14	104006159	104006160	0.01673784	0.03689077	0.6454004	C	T	NA	NA	NA	0.955529358333333	0.952730342388759	419	422
rs76603417	0	chr15	100003507	100003508	0.01951437	0.04194598	0.6461518	C	T	NA	NA	NA	0.955529358333333	0.952730342388759	420	423
rs10860486	0	chr12	100071555	100071556	0.02114756	0.04724603	0.6480975	C	T	NA	NA	NA	0.955529358333333	0.952730342388759	421	424
rs10501956	0	chr11	100087603	100087604	0.01176836	0.02629847	0.6487922	C	G	NA	NA	NA	0.955529358333333	0.952730342388759	422	425
rs9582694	0	chr13	104026273	104026274	0.01266191	0.02798842	0.6508169	A	C	NA	NA	NA	0.955529358333333	0.952730342388759	423	426
rs7997395	0	chr13	104053377	104053378	-0.0128647	0.0290464	0.6523471	C	T	NA	NA	NA	0.955529358333333	0.952730342388759	424	427
rs9300812	0	chr13	104038401	104038402	-0.02662263	0.06042854	0.6533585	G	A	NA	NA	NA	0.955529358333333	0.952730342388759	425	428
rs7895376	0	chr10	100050680	100050681	0.01127835	0.02574275	0.6551712	T	C	NA	NA	NA	0.955529358333333	0.952730342388759	426	429
rs4965243	0	chr15	100001333	100001334	-0.02789479	0.06339272	0.6575505	A	G	NA	NA	NA	0.955529358333333	0.952730342388759	427	430
rs3104702	0	chr16	10064785	10064786	0.02034859	0.04639963	0.6586508	T	C	NA	NA	NA	0.955529358333333	0.952730342388759	428	431
rs2862296	0	chr10	100032748	100032749	-0.02295507	0.05316462	0.6602681	A	G	NA	NA	NA	0.955529358333333	0.952730342388759	429	432
rs4380901	0	chr8	100022569	100022570	0.0126545	0.02942683	0.6619428	C	A	NA	NA	NA	0.955529358333333	0.952730342388759	430	433
rs1411648	0	chr13	104022965	104022966	0.02128155	0.04918277	0.6625511	C	T	NA	NA	NA	0.955529358333333	0.952730342388759	431	434
rs12936792	0	chr17	10005484	10005485	0.00973239	0.02276709	0.6636474	C	G	NA	NA	NA	0.955529358333333	0.952730342388759	432	435
rs491397	0	chr6	100082084	100082085	-0.01146228	0.02736645	0.6695772	A	C	NA	NA	NA	0.956886126226013	0.955261334341253	433	436
rs11223274	0	chr11	100088334	100088335	-0.01453238	0.03522808	0.6743185	A	G	NA	NA	NA	0.956886126226013	0.955261334341253	434	437
rs4797396	0	chr18	10011663	10011664	-0.01383099	0.03400708	0.676641	C	T	NA	NA	NA	0.956886126226013	0.955261334341253	435	438
rs111757992	0	chr7	100016353	100016354	0.009067974	0.02209427	0.677039	A	C	NA	NA	NA	0.956886126226013	0.955261334341253	436	439
rs10860487	0	chr12	100071621	100071622	0.0193128	0.04728017	0.6776943	G	A	NA	NA	NA	0.956886126226013	0.955261334341253	437	440
rs11651314	0	chr17	10006769	10006770	-0.02073844	0.05065133	0.677994	C	T	NA	NA	NA	0.956886126226013	0.955261334341253	438	441
rs7868295	0	chr9	100013016	100013017	-0.01708148	0.04170508	0.6789492	G	C	NA	NA	NA	0.956886126226013	0.955261334341253	439	442
rs11622552	0	chr14	104007839	104007840	-0.009482404	0.02352186	0.6831368	C	T	NA	NA	NA	0.956886126226013	0.955261334341253	440	443
rs1939699	0	chr11	100095715	100095716	0.0180054	0.04510767	0.6851812	C	G	NA	NA	NA	0.956886126226013	0.955261334341253	441	444
rs117078929	0	chr7	100025344	100025345	0.01199195	0.03028	0.6869463	A	T	NA	NA	NA	0.956886126226013	0.955261334341253	442	445
rs73403312	0	chr7	100024152	100024153	0.009127315	0.02314055	0.6888969	T	C	NA	NA	NA	0.956886126226013	0.955261334341253	443	446
rs60257855	0	chr7	100026779	100026780	0.01000063	0.02507658	0.689274	G	C	NA	NA	NA	0.956886126226013	0.955261334341253	444	447
rs9586168	0	chr13	104055408	104055409	0.009868229	0.02518707	0.6925744	G	A	NA	NA	NA	0.956886126226013	0.955261334341253	446	448
rs739354	0	chr17	10004287	10004288	-0.01152159	0.02948562	0.6927139	A	C	NA	NA	NA	0.956886126226013	0.955261334341253	447	449
rs78782673	0	chr8	100020596	100020597	0.009493089	0.02446184	0.6931274	C	G	NA	NA	NA	0.956886126226013	0.955261334341253	448	450
rs10220273	0	chr13	104049773	104049774	0.008790997	0.02283891	0.6968128	G	A	NA	NA	NA	0.956886126226013	0.955261334341253	449	451
rs10220272	0	chr13	104049709	104049710	0.01222411	0.03192168	0.6971682	G	T	NA	NA	NA	0.956886126226013	0.955261334341253	450	452
rs11662794	0	chr18	10014712	10014713	-0.01130354	0.02935486	0.697467	C	T	NA	NA	NA	0.956886126226013	0.955261334341253	451	453
rs2305352	0	chr2	100015123	100015124	0.011443	0.03027457	0.7026232	C	G	NA	NA	NA	0.956886126226013	0.955261334341253	452	454
rs111473178	0	chr4	100015437	100015438	0.01104858	0.02979278	0.7037579	T	C	NA	NA	NA	0.956886126226013	0.955261334341253	453	455
rs72985603	0	chr11	100088830	100088831	0.009673421	0.02569041	0.7044024	C	T	NA	NA	NA	0.956886126226013	0.955261334341253	454	456
rs3105686	0	chr16	10063965	10063966	-0.01712411	0.0458325	0.7058483	C	G	NA	NA	NA	0.956886126226013	0.955261334341253	455	457
rs78002322	0	chr13	104031637	104031638	0.009824878	0.02653556	0.7063754	G	T	NA	NA	NA	0.956886126226013	0.955261334341253	456	458
rs12880224	0	chr14	104006413	104006414	0.01748079	0.04720017	0.7086251	C	G	NA	NA	NA	0.956886126226013	0.955261334341253	457	459
rs61875340	0	chr10	100056895	100056896	0.01034156	0.02846333	0.7116822	C	T	NA	NA	NA	0.956886126226013	0.955261334341253	458	460
rs9586161	0	chr13	104053769	104053770	0.01130594	0.0309345	0.7123662	C	T	NA	NA	NA	0.956886126226013	0.955261334341253	459	461
rs4754675	0	chr11	100093410	100093411	-0.01268777	0.03507299	0.7127208	C	T	NA	NA	NA	0.956886126226013	0.955261334341253	460	462
rs1045206	0	chr3	100064740	100064741	-0.02251788	0.06100629	0.7132954	C	T	NA	NA	NA	0.956886126226013	0.955261334341253	461	463
rs10083662	0	chr15	100003929	100003930	0.01200928	0.03195308	0.7147859	T	A	NA	NA	NA	0.956886126226013	0.955261334341253	462	464
rs61875339	0	chr10	100054526	100054527	-0.01284999	0.03580391	0.7152664	A	G	NA	NA	NA	0.956886126226013	0.955261334341253	463	465
rs12934062	0	chr16	10062230	10062231	-0.009834753	0.02697696	0.7170638	T	C	NA	NA	NA	0.956886126226013	0.955261334341253	464	466
rs11109997	0	chr12	100081861	100081862	0.01576143	0.04437737	0.7177901	G	A	NA	NA	NA	0.956886126226013	0.955261334341253	465	467
rs75428699	0	chr16	10063126	10063127	0.01215199	0.03431055	0.7184154	A	T	NA	NA	NA	0.956886126226013	0.955261334341253	466	468
rs73000871	0	chr11	100081681	100081682	0.01952848	0.05496801	0.7196462	T	A	NA	NA	NA	0.956886126226013	0.955261334341253	467	469
rs41272643	0	chr3	100073332	100073333	-0.00936265	0.02663459	0.7208498	C	T	NA	NA	NA	0.956886126226013	0.955261334341253	468	470
rs138177242	0	chr10	100059442	100059443	0.01119405	0.03178742	0.7215106	C	A	NA	NA	NA	0.956886126226013	0.955261334341253	469	471
rs10786409	0	chr10	100057847	100057848	-0.009466446	0.02630924	0.7232562	T	A	NA	NA	NA	0.957160332765957	0.955508729741379	470	472
rs9586165	0	chr13	104053960	104053961	0.01287442	0.03724048	0.72576	T	A	NA	NA	NA	0.958434649681529	0.956754580645161	471	473
rs73000865	0	chr11	100073673	100073674	-0.008430381	0.0248336	0.7292827	A	C	NA	NA	NA	0.961046269915254	0.9593353972103	472	474
rs7899882	0	chr10	100030767	100030768	-0.01161295	0.03463528	0.7329078	C	T	NA	NA	NA	0.962841705590062	0.960845886163522	473	475
rs75469258	0	chr11	100071526	100071527	0.02253386	0.06781865	0.7348548	C	T	NA	NA	NA	0.962841705590062	0.960845886163522	474	476
rs555591	0	chr6	100082392	100082393	0.02793162	0.08422987	0.7353503	C	T	NA	NA	NA	0.962841705590062	0.960845886163522	475	477
rs4734419	0	chr8	100016116	100016117	-0.01225766	0.03746122	0.7377282	T	C	NA	NA	NA	0.962841705590062	0.960845886163522	476	478
rs2590423	0	chr5	100028990	100028991	0.01064642	0.03203422	0.7409706	A	T	NA	NA	NA	0.962841705590062	0.960845886163522	477	479
rs12927371	0	chr16	10065192	10065193	-0.01040725	0.03267206	0.7432103	A	T	NA	NA	NA	0.962841705590062	0.960845886163522	478	480
rs3104705	0	chr16	10069289	10069290	0.01665601	0.05205301	0.7440718	A	G	NA	NA	NA	0.962841705590062	0.960845886163522	479	481
rs10501955	0	chr11	100081588	100081589	-0.00853491	0.02677111	0.7448133	C	G	NA	NA	NA	0.962841705590062	0.960845886163522	480	482
rs7190175	0	chr16	10060794	10060795	-0.01003651	0.03163335	0.7468578	T	A	NA	NA	NA	0.962841705590062	0.960845886163522	481	483
rs10883057	0	chr10	100032036	100032037	0.01628261	0.05152429	0.747453	G	C	NA	NA	NA	0.962841705590062	0.960845886163522	482	484
rs34235720	0	chr14	104004967	104004968	-0.0113336	0.03256579	0.7476729	C	T	NA	NA	NA	0.962841705590062	0.960845886163522	483	485
rs7938420	0	chr11	100081879	100081880	0.01808079	0.05770712	0.7508256	C	T	NA	NA	NA	0.964164498973306	0.962066541580042	484	486
rs4555004	0	chr13	104054741	104054742	-0.01346817	0.04405048	0.7544157	G	A	NA	NA	NA	0.964164498973306	0.962066541580042	485	487
rs11223303	0	chr11	100094411	100094412	0.01059479	0.03456485	0.754422	T	C	NA	NA	NA	0.964164498973306	0.962066541580042	486	488
rs7681427	0	chr4	100013958	100013959	0.007871237	0.02565932	0.7549005	A	C	NA	NA	NA	0.964164498973306	0.962066541580042	487	489
rs927741	0	chr10	100050355	100050356	-0.01064066	0.03491317	0.7580609	C	T	NA	NA	NA	0.965221570693069	0.964089899792531	488	490
rs10220265	0	chr13	104049582	104049583	0.007161438	0.0239344	0.7618897	G	A	NA	NA	NA	0.965221570693069	0.964626401204819	489	491
rs79277951	0	chr11	100086547	100086548	0.007209115	0.02455284	0.7646528	C	T	NA	NA	NA	0.965221570693069	0.964626401204819	490	492
rs1325497	0	chr10	100054799	100054800	-0.01698208	0.05851338	0.7665589	A	G	NA	NA	NA	0.965221570693069	0.964626401204819	491	493
rs11109985	0	chr12	100063175	100063176	0.007274927	0.02493674	0.7671821	C	T	NA	NA	NA	0.965221570693069	0.964626401204819	492	494
rs117583711	0	chr16	10066642	10066643	0.007458989	0.02570607	0.7686184	A	G	NA	NA	NA	0.965221570693069	0.964626401204819	493	495
rs4489303	0	chr8	100021966	100021967	0.01255708	0.04391775	0.7719326	T	A	NA	NA	NA	0.965221570693069	0.964626401204819	494	496
rs140973926	0	chr5	100014177	100014178	0.006750524	0.02382879	0.772104	C	T	NA	NA	NA	0.965221570693069	0.964626401204819	495	497
rs79524787	0	chr15	100006262	100006263	-0.007987088	0.02820322	0.7728006	G	A	NA	NA	NA	0.965221570693069	0.964626401204819	496	498
rs1311620	0	chr4	100013090	100013091	0.01026467	0.03675413	0.774434	C	T	NA	NA	NA	0.965221570693069	0.964626401204819	497	499
rs7329960	0	chr13	104047480	104047481	0.007088441	0.02538875	0.775396	G	A	NA	NA	NA	0.965221570693069	0.964626401204819	498	500
rs11625044	0	chr14	104009759	104009760	0.00709113	0.02475097	0.7779633	A	T	NA	NA	NA	0.965221570693069	0.964626401204819	500	501
rs11592082	0	chr10	100052463	100052464	0.008773412	0.03143407	0.7817379	A	T	NA	NA	NA	0.965221570693069	0.964626401204819	501	502
rs2650433	0	chr16	10065679	10065680	0.01512257	0.05593328	0.7819244	A	T	NA	NA	NA	0.965221570693069	0.964626401204819	502	503
rs1416883	0	chr1	100010998	100010999	0.00771385	0.02660742	0.7825273	G	A	NA	NA	NA	0.965221570693069	0.964626401204819	503	504
rs11627529	0	chr14	104004556	104004557	-0.007651082	0.02813176	0.7832245	C	T	NA	NA	NA	0.965221570693069	0.964626401204819	504	505
rs13301357	0	chr9	100017376	100017377	-0.01430867	0.05229496	0.7836606	C	G	NA	NA	NA	0.965221570693069	0.964626401204819	505	506
rs7164527	0	chr15	100003248	100003249	0.006550129	0.02450234	0.7867919	A	G	NA	NA	NA	0.965757770530452	0.965055668924303	506	507
rs11223252	0	chr11	100083819	100083820	-0.01176221	0.04468218	0.789061	G	A	NA	NA	NA	0.965757770530452	0.965055668924303	507	508
rs55979101	0	chr13	104043014	104043015	-0.01403426	0.05365923	0.7899392	G	A	NA	NA	NA	0.965757770530452	0.965055668924303	508	509
rs7985853	0	chr13	104028906	104028907	0.01036102	0.03972812	0.7903066	G	A	NA	NA	NA	0.965757770530452	0.965055668924303	509	510
rs141062445	0	chr13	104027983	104027984	0.0104929	0.04085394	0.7951275	G	T	NA	NA	NA	0.967987196881092	0.967178316205533	510	511
rs1014053	0	chr13	104039221	104039222	-0.006732877	0.02672958	0.7970657	G	A	NA	NA	NA	0.967987196881092	0.967178316205533	511	512
rs11223267	0	chr11	100086915	100086916	-0.01013206	0.04070723	0.7982075	G	A	NA	NA	NA	0.967987196881092	0.967178316205533	512	513
rs6478039	0	chr9	100013356	100013357	0.007072803	0.02829978	0.798356	C	T	NA	NA	NA	0.967987196881092	0.967178316205533	513	514
rs7855385	0	chr9	100013252	100013253	-0.006442626	0.02611531	0.8010128	A	T	NA	NA	NA	0.969318991439689	0.968482931755424	514	515
rs113574754	0	chr9	100013474	100013475	-0.013486	0.05600234	0.8057582	G	A	NA	NA	NA	0.971818877011494	0.971567739215686	515	516
rs6962151	0	chr7	100028483	100028484	-0.007589645	0.0285289	0.8068759	T	C	NA	NA	NA	0.971818877011494	0.971567739215686	516	517
rs4074838	0	chr7	100032664	100032665	-0.005711115	0.02420067	0.808319	G	A	NA	NA	NA	0.971818877011494	0.971567739215686	517	518
rs11109993	0	chr12	100075590	100075591	-0.006084303	0.02615436	0.8129853	T	C	NA	NA	NA	0.971818877011494	0.972663915758755	519	519
rs9389551	0	chr6	100077571	100077572	-0.005800784	0.02493377	0.8136062	A	C	NA	NA	NA	0.971818877011494	0.972663915758755	520	520
rs500526	0	chr6	100080928	100080929	0.005393726	0.02358698	0.8145517	G	T	NA	NA	NA	0.971818877011494	0.972663915758755	521	521
rs7800667	0	chr7	100038944	100038945	-0.008262534	0.03583112	0.8155779	C	T	NA	NA	NA	0.971818877011494	0.972663915758755	522	522
rs12923508	0	chr16	10061286	10061287	0.006562858	0.02992854	0.8224919	G	A	NA	NA	NA	0.974328901701323	0.974975323416507	523	523
rs879552	0	chr14	104010197	104010198	-0.006583495	0.03001152	0.8239293	G	A	NA	NA	NA	0.974328901701323	0.974975323416507	524	524
rs643235	0	chr6	100079030	100079031	0.005954104	0.02668998	0.8253697	T	C	NA	NA	NA	0.974328901701323	0.974975323416507	525	525
rs10860488	0	chr12	100071853	100071854	-0.005332527	0.02463481	0.8268831	A	G	NA	NA	NA	0.974328901701323	0.974975323416507	526	526
rs1929081	0	chr13	104032338	104032339	0.006224775	0.02896608	0.8274454	G	T	NA	NA	NA	0.974328901701323	0.974975323416507	527	527
rs7918345	0	chr10	100058027	100058028	0.007945023	0.03703597	0.8282755	G	A	NA	NA	NA	0.974328901701323	0.974975323416507	528	528
rs11599733	0	chr10	100047184	100047185	-0.008784747	0.04108833	0.8286495	G	A	NA	NA	NA	0.974328901701323	0.974975323416507	529	529
rs2590416	1	chr5	100024212	100024213	0.0008996443	0.03013019	0.9765509	G	A	NA	NA	NA	0.993079101960784	0.9765509	610	530
rs146036807	0	chr13	104052627	104052628	0.004958411	0.02367185	0.8352969	A	G	NA	NA	NA	0.980291833584906	0.980368170890411	530	531
rs7167309	0	chr15	100003406	100003407	0.004976082	0.02349084	0.8421285	G	T	NA	NA	NA	0.981319103378378	0.980368170890411	531	532
rs77649885	0	chr8	100036091	100036092	-0.005372794	0.02781116	0.843815	A	G	NA	NA	NA	0.981319103378378	0.980368170890411	532	533
rs7975225	0	chr12	100070227	100070228	0.009424411	0.04874288	0.8441033	C	T	NA	NA	NA	0.981319103378378	0.980368170890411	533	534
rs117222438	0	chr13	104020081	104020082	-0.007153871	0.03222457	0.8445876	C	T	NA	NA	NA	0.981319103378378	0.980368170890411	534	535
rs74787825	0	chr13	104022314	104022315	-0.006980968	0.03567569	0.8467066	T	C	NA	NA	NA	0.981319103378378	0.980368170890411	535	536
rs4366588	0	chr13	104054779	104054780	-0.007142765	0.03902889	0.8525054	C	T	NA	NA	NA	0.981319103378378	0.980368170890411	536	537
rs59470306	0	chr17	10001547	10001548	0.006609372	0.0379878	0.8585012	G	A	NA	NA	NA	0.981319103378378	0.980368170890411	537	538
rs7026287	0	chr9	100012128	100012129	0.00498571	0.02903872	0.8623337	T	A	NA	NA	NA	0.981319103378378	0.980368170890411	538	539
rs67163493	0	chr7	100023837	100023838	-0.005644128	0.03408731	0.8650178	C	T	NA	NA	NA	0.981319103378378	0.980368170890411	539	540
rs7188069	0	chr16	10060920	10060921	0.006863115	0.04085827	0.8662538	G	C	NA	NA	NA	0.981319103378378	0.980368170890411	540	541
rs7042820	0	chr9	100013492	100013493	0.005652531	0.03399292	0.8670057	C	T	NA	NA	NA	0.981319103378378	0.980368170890411	541	542
rs118004628	0	chr7	100021404	100021405	0.004283699	0.02627725	0.8671263	A	G	NA	NA	NA	0.981319103378378	0.980368170890411	542	543
rs6497599	0	chr16	10069792	10069793	-0.004242358	0.02639784	0.8685786	G	A	NA	NA	NA	0.981319103378378	0.980368170890411	543	544
rs7601730	0	chr2	100025353	100025354	0.003696813	0.02303024	0.8707256	A	T	NA	NA	NA	0.981319103378378	0.980368170890411	544	545
rs1311618	0	chr4	100012611	100012612	-0.005200618	0.03255479	0.8714144	A	G	NA	NA	NA	0.981319103378378	0.980368170890411	545	546
rs10883060	0	chr10	100048753	100048754	0.00518918	0.03374616	0.8755315	G	T	NA	NA	NA	0.981319103378378	0.980368170890411	546	547
rs12789536	0	chr11	100091085	100091086	0.004103265	0.02710914	0.8777749	C	T	NA	NA	NA	0.981319103378378	0.980368170890411	547	548
rs118012628	0	chr17	10003886	10003887	-0.003739988	0.02463318	0.8780437	T	G	NA	NA	NA	0.981319103378378	0.980368170890411	548	549
rs9376320	0	chr6	100078901	100078902	0.006991646	0.04660153	0.879403	G	A	NA	NA	NA	0.981319103378378	0.980368170890411	549	550
rs58101275	0	chr14	104008419	104008420	-0.007971288	0.05338364	0.8795506	G	A	NA	NA	NA	0.981319103378378	0.980368170890411	550	551
rs28382954	0	chr2	100026541	100026542	0.006950539	0.04750761	0.8800417	A	G	NA	NA	NA	0.981319103378378	0.980368170890411	551	552
rs6468648	0	chr8	100033587	100033588	-0.003730981	0.02490556	0.8819303	T	C	NA	NA	NA	0.981319103378378	0.980368170890411	552	553
rs11644233	0	chr16	10068724	10068725	-0.004798124	0.03299837	0.8832069	A	C	NA	NA	NA	0.981319103378378	0.980368170890411	553	554
rs12946613	0	chr17	10007097	10007098	-0.006297154	0.0432828	0.8848835	T	G	NA	NA	NA	0.981319103378378	0.980368170890411	554	555
rs34067640	0	chr6	100080327	100080328	0.003458758	0.0245089	0.8851147	G	A	NA	NA	NA	0.981319103378378	0.980368170890411	555	556
rs72719688	0	chr1	100011881	100011882	-0.005084762	0.03681123	0.8855299	A	T	NA	NA	NA	0.981319103378378	0.980368170890411	556	557
rs7229707	0	chr18	10010881	10010882	-0.004595154	0.0316134	0.8859765	A	G	NA	NA	NA	0.981319103378378	0.980368170890411	557	558
rs7229522	0	chr18	10010732	10010733	-0.004320588	0.0301404	0.8864726	A	G	NA	NA	NA	0.981319103378378	0.980368170890411	558	559
rs34310826	0	chr16	10061647	10061648	0.003622272	0.02575513	0.8864938	A	G	NA	NA	NA	0.981319103378378	0.980368170890411	559	560
rs1214375	0	chr3	100065631	100065632	-0.0079031	0.05733873	0.8867347	G	A	NA	NA	NA	0.981319103378378	0.980368170890411	560	561
rs7903057	0	chr10	100057816	100057817	-0.006050509	0.04246808	0.8871271	T	C	NA	NA	NA	0.981319103378378	0.980368170890411	561	562
rs113559827	0	chr13	104052950	104052951	0.003260078	0.02422508	0.88947	G	A	NA	NA	NA	0.981319103378378	0.980368170890411	562	563
rs74088014	0	chr14	104007859	104007860	0.005473447	0.0419157	0.8929522	G	A	NA	NA	NA	0.981319103378378	0.980368170890411	563	564
rs7098860	0	chr10	100058710	100058711	-0.003326017	0.02528354	0.8932238	A	G	NA	NA	NA	0.981319103378378	0.980368170890411	564	565
rs61875311	0	chr10	100027986	100027987	0.004152913	0.03180263	0.8937459	C	G	NA	NA	NA	0.981319103378378	0.980368170890411	565	566
rs144697535	0	chr11	100090785	100090786	0.003214201	0.02533589	0.8970686	G	C	NA	NA	NA	0.981319103378378	0.980368170890411	566	567
rs9385817	0	chr6	100077938	100077939	0.007644465	0.06439757	0.9007932	G	A	NA	NA	NA	0.981319103378378	0.980368170890411	567	568
rs67483801	0	chr7	100031757	100031758	0.002972346	0.02429658	0.902243	G	T	NA	NA	NA	0.981319103378378	0.980368170890411	568	569
rs10778004	0	chr12	100071759	100071760	0.003159995	0.02747888	0.9038498	T	A	NA	NA	NA	0.981319103378378	0.980368170890411	569	570
rs972347	0	chr17	10002613	10002614	0.005667439	0.04819315	0.9050314	C	T	NA	NA	NA	0.981319103378378	0.980368170890411	570	571
rs72772153	0	chr16	10063528	10063529	-0.005506432	0.04804654	0.9050491	T	G	NA	NA	NA	0.981319103378378	0.980368170890411	571	572
rs77395610	0	chr6	100079179	100079180	-0.005306307	0.0450384	0.9050813	G	C	NA	NA	NA	0.981319103378378	0.980368170890411	572	573
rs7197048	0	chr16	10062614	10062615	0.003352046	0.02865271	0.9059101	C	T	NA	NA	NA	0.981319103378378	0.980368170890411	573	574
rs1925637	0	chr10	100051496	100051497	0.003539077	0.03045867	0.9067129	A	G	NA	NA	NA	0.981319103378378	0.980368170890411	574	575
rs12880077	0	chr14	104006341	104006342	-0.00265265	0.0236249	0.9091519	C	T	NA	NA	NA	0.981319103378378	0.980368170890411	575	576
rs111300759	0	chr4	100015689	100015690	-0.003497151	0.03217238	0.9098519	C	T	NA	NA	NA	0.981319103378378	0.980368170890411	576	577
rs2289505	0	chr3	100064828	100064829	-0.00425118	0.03961724	0.9108747	C	G	NA	NA	NA	0.981319103378378	0.980368170890411	577	578
rs1073	0	chr7	100031611	100031612	-0.004431662	0.0413887	0.9130902	G	A	NA	NA	NA	0.981319103378378	0.980368170890411	578	579
rs3018047	0	chr4	100014509	100014510	0.002622098	0.02596463	0.9170836	T	C	NA	NA	NA	0.981319103378378	0.980368170890411	579	580
rs1442641	0	chr15	100002314	100002315	-0.003007679	0.03050645	0.9186988	A	G	NA	NA	NA	0.981319103378378	0.980368170890411	580	581
rs10981367	0	chr9	100017014	100017015	0.006220158	0.0613451	0.9201247	T	C	NA	NA	NA	0.981319103378378	0.980368170890411	581	582
rs9933159	0	chr16	10063397	10063398	-0.003876596	0.04071101	0.9224598	T	C	NA	NA	NA	0.981319103378378	0.980368170890411	582	583
rs1330773	0	chr13	104038694	104038695	0.002442238	0.02572854	0.9251133	A	T	NA	NA	NA	0.981319103378378	0.980368170890411	583	584
rs9586148	0	chr13	104025537	104025538	-0.003276353	0.03730689	0.9265308	A	T	NA	NA	NA	0.981319103378378	0.980368170890411	584	585
rs6584182	0	chr10	100055643	100055644	0.002752069	0.0297531	0.9271198	C	T	NA	NA	NA	0.981319103378378	0.980368170890411	585	586
rs55721535	0	chr7	100030347	100030348	0.002252983	0.02424947	0.9292821	A	C	NA	NA	NA	0.981319103378378	0.980368170890411	586	587
rs11606265	0	chr11	100080395	100080396	0.003562936	0.04199342	0.9294085	T	C	NA	NA	NA	0.981319103378378	0.980368170890411	587	588
rs116160175	0	chr3	100061043	100061044	0.002070494	0.02373477	0.9306881	C	G	NA	NA	NA	0.981319103378378	0.980368170890411	588	589
rs62274146	0	chr3	100076979	100076980	0.003088638	0.03606008	0.9306971	A	G	NA	NA	NA	0.981319103378378	0.980368170890411	589	590
rs1416885	0	chr1	100010764	100010765	-0.002163852	0.02625456	0.9334816	C	G	NA	NA	NA	0.981319103378378	0.980368170890411	590	591
rs4797395	0	chr18	10011636	10011637	0.002884598	0.03537244	0.9336267	C	A	NA	NA	NA	0.981319103378378	0.980368170890411	591	592
rs499540	0	chr6	100078331	100078332	-0.002773042	0.03522799	0.9339886	A	T	NA	NA	NA	0.981319103378378	0.980368170890411	592	593
rs188527065	0	chr13	104028566	104028567	-0.002174172	0.02776393	0.9365998	G	A	NA	NA	NA	0.982403162900506	0.981428508376068	593	594
rs6784494	0	chr3	100066627	100066628	-0.00332331	0.05211703	0.9455292	G	T	NA	NA	NA	0.989909654789916	0.988882096933561	594	595
rs2119940	0	chr15	100001863	100001864	-0.001962551	0.02895006	0.9469393	A	G	NA	NA	NA	0.989909654789916	0.988882096933561	595	596
rs62482210	0	chr7	100035122	100035123	0.001574466	0.02534328	0.9491727	C	G	NA	NA	NA	0.990533237666667	0.989392665371622	596	597
rs927740	0	chr10	100053270	100053271	-0.001466284	0.02446504	0.9507309	G	A	NA	NA	NA	0.990533237666667	0.989392665371622	597	598
rs16959323	0	chr17	10006096	10006097	0.001564795	0.02684545	0.9534722	C	T	NA	NA	NA	0.990533237666667	0.989392665371622	598	599
rs34139222	0	chr8	100040718	100040719	-0.001727238	0.0322288	0.9544206	T	C	NA	NA	NA	0.990533237666667	0.989392665371622	599	600
rs12414257	0	chr10	100048275	100048276	-0.001726283	0.03396126	0.9554983	A	T	NA	NA	NA	0.990533237666667	0.989392665371622	600	601
rs9586163	0	chr13	104053894	104053895	0.001370629	0.02414934	0.957466	A	G	NA	NA	NA	0.990921550748752	0.989758276559865	601	602
rs7687322	0	chr4	100014341	100014342	-0.001369147	0.02735685	0.9595833	G	A	NA	NA	NA	0.991463143853821	0.990277041919192	602	603
rs12932206	0	chr16	10066020	10066021	0.002585311	0.05343874	0.9629998	A	G	NA	NA	NA	0.99162099770115	0.990281406655574	603	604
rs11160753	0	chr14	104007499	104007500	-0.001305817	0.03041884	0.9638258	C	T	NA	NA	NA	0.99162099770115	0.990281406655574	604	605
rs60899997	0	chr11	100075283	100075284	-0.001405454	0.03560593	0.96876	T	C	NA	NA	NA	0.99162099770115	0.990281406655574	605	606
rs11109989	0	chr12	100068705	100068706	-0.001303494	0.03291422	0.9693401	C	T	NA	NA	NA	0.99162099770115	0.990281406655574	606	607
rs7375618	0	chr4	100015917	100015918	0.001669813	0.04819337	0.9695794	G	T	NA	NA	NA	0.99162099770115	0.990281406655574	607	608
rs185797651	0	chr13	104028697	104028698	0.00144913	0.03727746	0.970024	T	C	NA	NA	NA	0.99162099770115	0.990281406655574	608	609
rs10981362	0	chr9	100015407	100015408	0.001991343	0.05409742	0.9708958	C	G	NA	NA	NA	0.99162099770115	0.990281406655574	609	610
rs2590418	0	chr5	100025067	100025068	-0.001357388	0.05211668	0.9768174	T	C	NA	NA	NA	0.993079101960784	0.993317399004975	611	611
rs1311621	0	chr4	100014017	100014018	0.001188848	0.03883192	0.9771132	T	C	NA	NA	NA	0.993079101960784	0.993317399004975	612	612
rs10860489	0	chr12	100077308	100077309	-0.0007200835	0.04374638	0.9858185	C	T	NA	NA	NA	0.9936535	0.9936535	613	613
rs7012513	0	chr8	100034393	100034394	-0.0005258623	0.02957277	0.9864317	G	A	NA	NA	NA	0.9936535	0.9936535	614	614
rs117222868	0	chr13	104050453	104050454	-0.0003256163	0.0293374	0.9886585	C	T	NA	NA	NA	0.9936535	0.9936535	615	615
rs116472516	0	chr1	100011385	100011386	-0.000572939	0.04658814	0.9891429	G	A	NA	NA	NA	0.9936535	0.9936535	616	616
rs12126605	0	chr1	100017125	100017126	0.0002612373	0.05169996	0.9912231	G	A	NA	NA	NA	0.9936535	0.9936535	617	617
rs28382955	0	chr2	100025459	100025460	-0.000352036	0.02936407	0.9918272	A	G	NA	NA	NA	0.9936535	0.9936535	618	618
rs56128128	0	chr10	100052837	100052838	-0.0004116049	0.04728004	0.9923461	G	A	NA	NA	NA	0.9936535	0.9936535	619	619
rs78195930	0	chr17	10004764	10004765	-0.0005316087	0.05123422	0.9925808	G	A	NA	NA	NA	0.9936535	0.9936535	620	620
rs59264629	0	chr8	100022722	100022723	-0.0003090552	0.02820306	0.9930819	T	C	NA	NA	NA	0.9936535	0.9936535	621	621
rs10860485	0	chr12	100068724	100068725	-0.0003714259	0.04260172	0.9936535	A	G	NA	NA	NA	0.9936535	0.9936535	622	622
